Year,Month,Day,Hour,1374,1375,1376,1377,1378,1379,1380,1381,1382,1383,1384,1385,1386,1387,1388,1389,1390,1391,1392,1393,1394,1395,1396,1397,1398,1399,1400,1401,1402,1403,1404,1405,1406,1407,1408,1409,1410,1411,1412,1413,1414,1415,1416,1417,1418,1419,1420,1421,1422,1423,1424,1425,1426,1427,1428,1429,1430,1431,1432,1433,1434,1435,1436,1437,1438,1439,1440,1441,1442,1443,1444,1445,1446,1447,1448,1449,1450,1451,1452,1453,1454,1455
2012,7,1,0,33.75,33.38,33.19,28.43,33.28,34.14,32.5,31.17,32.13,28.0,32.86,33.33,30.97,33.51,33.3,34.21,33.76,33.74,33.83,31.0,33.59,32.89,30.07,29.47,32.34,31.07,33.53,32.34,34.44,29.35,32.86,34.06,33.96,34.84,31.09,33.63,33.9,32.85,34.31,30.17,33.81,33.23,33.61,33.38,31.53,33.97,32.93,33.61,29.92,30.24,30.63,32.28,30.22,33.96,31.87,33.48,33.41,33.38,34.42,33.74,31.92,31.14,33.11,33.47,33.32,31.21,33.87,33.64,33.65,33.48,34.66,34.33,33.18,33.37,31.59,34.22,34.23,29.11,32.32,30.4,33.4,32.18
2012,7,1,1,31.74,32.67,31.1,28.17,32.11,33.24,31.16,30.43,30.89,28.42,31.44,32.23,30.36,32.71,32.16,32.79,32.83,31.61,32.16,29.01,31.35,31.4,28.76,28.22,31.51,30.32,32.17,31.71,33.09,27.92,31.83,32.62,32.17,33.18,30.13,32.19,31.74,31.6,32.66,28.21,32.41,32.18,32.15,31.97,30.08,31.94,32.08,32.08,29.45,28.82,29.96,31.4,29.87,32.49,29.97,31.32,31.31,32.05,32.98,32.68,31.05,29.92,32.15,32.34,32.24,29.25,32.82,32.43,32.46,32.2,33.3,33.23,32.17,31.31,31.03,33.13,32.61,29.07,30.54,29.43,31.84,31.12
2012,7,1,2,30.21,31.51,29.53,27.72,31.02,32.34,29.85,29.34,29.75,28.16,30.47,31.08,29.61,31.81,30.83,31.54,31.57,30.03,30.56,27.58,29.61,29.98,27.93,27.43,30.58,29.38,31.25,31.07,31.62,27.01,30.81,31.29,30.85,31.66,29.95,30.79,30.16,30.89,31.26,27.92,31.14,30.95,30.76,30.89,29.37,30.41,30.89,30.86,28.59,28.7,29.6,30.58,29.32,31.12,28.57,29.66,29.76,30.66,31.63,31.61,30.15,29.4,31.51,30.99,31.07,27.9,31.71,31.14,31.17,31.07,31.87,32.01,30.94,29.8,30.25,32.14,31.12,28.5,29.22,28.87,30.35,30.41
2012,7,1,3,29.09,30.54,28.45,27.3,30.12,31.48,28.94,28.5,28.92,27.61,29.45,30.39,28.82,31.02,29.72,30.43,30.59,28.83,29.05,26.62,28.32,28.97,27.46,27.0,29.67,28.69,30.48,30.36,30.54,26.51,30.1,30.01,29.39,30.5,29.23,29.77,28.97,30.19,29.91,27.67,30.16,29.98,29.29,29.93,28.81,29.27,29.93,29.85,27.87,28.14,29.08,29.74,28.58,30.1,27.66,28.44,28.68,29.7,30.6,30.67,29.52,28.95,30.82,30.08,30.35,27.04,30.8,30.03,30.21,30.18,30.74,31.15,30.04,28.73,29.45,31.38,30.06,27.86,28.3,28.17,29.26,29.67
2012,7,1,4,28.23,29.72,27.54,26.94,29.31,30.79,28.16,27.89,28.19,27.11,28.6,29.72,28.15,30.36,28.77,29.29,29.77,27.85,28.04,25.97,27.38,28.18,27.11,26.69,28.99,28.16,29.8,29.76,29.74,26.18,29.38,28.94,28.38,29.36,28.53,28.9,27.98,29.5,28.89,27.41,29.33,29.28,28.28,29.1,28.32,28.3,29.12,29.04,27.29,27.67,28.52,28.94,27.96,29.26,26.98,27.51,27.74,28.83,29.75,29.86,28.92,28.43,30.14,29.21,29.53,26.46,30.09,29.15,29.44,29.34,29.85,30.43,29.18,27.82,28.88,30.67,29.1,27.26,27.54,27.6,28.39,29.0
2012,7,1,5,27.53,28.94,26.8,26.54,28.58,30.08,27.64,27.38,27.68,26.74,27.96,28.91,27.69,29.68,27.96,28.41,29.09,27.19,27.26,25.47,26.67,27.63,26.78,26.4,28.23,27.61,29.09,29.16,29.02,25.9,28.63,28.12,27.64,28.5,27.95,28.19,27.28,28.77,28.06,26.92,28.63,28.62,27.49,28.51,27.78,27.53,28.41,28.45,26.87,27.14,28.02,28.33,27.52,28.52,26.45,26.84,26.97,28.15,28.94,29.1,28.29,27.85,29.5,28.39,28.64,26.04,29.38,28.43,28.75,28.58,29.04,29.8,28.42,27.05,28.26,30.02,28.24,26.89,26.9,27.13,27.77,28.35
2012,7,1,6,26.98,28.26,26.21,26.19,27.96,29.47,27.23,27.01,27.22,26.46,27.43,28.1,27.31,29.08,27.39,27.7,28.49,26.63,26.63,25.1,26.11,27.24,26.49,26.17,27.58,27.17,28.54,28.66,28.27,25.71,27.89,27.44,27.02,27.78,27.52,27.63,26.72,28.08,27.4,26.4,27.93,28.16,26.87,28.09,27.24,26.91,27.81,27.96,26.56,26.69,27.42,27.89,27.17,27.93,26.01,26.29,26.36,27.57,28.18,28.5,27.7,27.35,28.93,27.78,27.99,25.67,28.86,27.93,28.13,27.93,28.29,29.2,27.76,26.45,27.77,29.47,27.52,26.58,26.39,26.77,27.33,27.83
2012,7,1,7,26.25,27.94,25.44,26.51,27.85,29.02,27.66,27.31,27.46,26.83,26.78,27.65,27.46,29.07,26.62,26.91,28.64,26.14,25.85,24.87,25.75,27.62,26.35,25.99,26.99,27.29,28.14,28.34,28.04,25.58,27.36,26.64,26.31,27.08,27.34,27.94,26.18,27.6,26.54,26.52,27.83,28.09,26.05,27.67,26.92,26.26,27.88,27.79,27.01,26.67,27.08,27.51,27.3,28.28,25.62,25.88,25.62,27.74,27.86,28.76,26.99,26.95,28.45,26.95,27.23,25.36,28.56,28.16,28.41,27.73,27.86,29.31,27.75,25.79,27.36,28.88,27.0,27.09,25.67,26.76,27.73,27.48
2012,7,1,8,25.85,27.47,24.98,26.21,27.51,28.61,27.27,27.01,27.06,26.49,26.33,27.18,27.06,28.61,26.12,26.41,28.28,25.77,25.4,24.62,25.44,27.28,26.06,25.76,26.6,26.99,27.9,28.01,27.51,25.39,26.89,26.11,25.86,26.63,26.99,27.54,25.75,27.24,25.99,26.27,27.38,27.75,25.55,27.3,26.69,25.75,27.56,27.32,26.68,26.41,26.78,27.19,26.94,27.86,25.21,25.54,25.13,27.35,27.42,28.29,26.62,26.64,28.16,26.43,26.75,25.06,28.22,27.76,28.02,27.37,27.35,28.88,27.39,25.29,26.98,28.57,26.57,26.71,25.32,26.46,27.35,27.22
2012,7,1,9,25.53,27.06,24.64,25.93,27.21,28.23,26.92,26.7,26.69,26.17,25.91,26.71,26.67,28.13,25.63,25.93,27.9,25.39,25.03,24.42,25.13,26.96,25.79,25.54,26.12,26.74,27.66,27.65,27.02,25.25,26.43,25.61,25.48,26.19,26.63,27.19,25.34,26.85,25.48,25.97,26.98,27.44,25.09,26.89,26.33,25.3,27.24,26.87,26.38,26.12,26.39,26.79,26.58,27.45,24.86,25.21,24.74,26.98,27.01,27.81,26.13,26.19,27.84,25.92,26.26,24.8,27.9,27.36,27.63,27.05,26.9,28.39,27.06,24.86,26.58,28.23,26.16,26.37,25.03,26.14,27.02,26.9
2012,7,1,10,25.24,26.8,24.37,25.7,26.97,27.92,26.65,26.46,26.38,25.85,25.57,26.35,26.34,27.72,25.23,25.52,27.55,25.05,24.72,24.24,24.87,26.7,25.54,25.34,25.75,26.56,27.5,27.34,26.65,25.13,26.06,25.18,25.17,25.81,26.37,26.93,24.98,26.54,25.07,25.73,26.68,27.23,24.74,26.56,26.04,24.92,26.98,26.54,26.08,25.9,26.06,26.48,26.24,27.15,24.58,24.91,24.44,26.68,26.73,27.38,25.75,25.84,27.58,25.5,25.87,24.55,27.7,27.06,27.32,26.82,26.57,27.92,26.8,24.53,26.26,27.97,25.85,26.05,24.78,25.87,26.79,26.68
2012,7,1,11,25.0,26.58,24.14,25.46,26.67,27.59,26.41,26.21,26.1,25.55,25.28,26.0,26.07,27.33,24.86,25.1,27.2,24.69,24.46,24.07,24.59,26.43,25.33,25.19,25.38,26.34,27.28,27.02,26.38,25.04,25.71,24.74,24.91,25.44,26.08,26.73,24.61,26.2,24.66,25.49,26.41,26.99,24.41,26.26,25.75,24.54,26.67,26.33,25.8,25.62,25.73,26.17,25.91,26.88,24.33,24.58,24.16,26.4,26.47,26.96,25.39,25.54,27.28,25.07,25.51,24.33,27.45,26.75,27.02,26.54,26.34,27.43,26.52,24.22,25.96,27.67,25.52,25.75,24.56,25.6,26.58,26.4
2012,7,1,12,25.17,27.14,24.44,25.85,27.13,27.68,26.82,26.62,26.58,25.97,25.52,26.34,26.44,27.54,25.17,25.43,27.41,25.12,24.75,24.51,25.15,26.79,25.56,25.47,25.63,26.62,27.38,27.04,27.0,25.35,26.0,25.08,25.15,25.8,26.25,27.1,25.01,26.5,25.0,25.8,27.05,27.28,24.73,26.53,25.98,24.92,26.99,26.85,26.27,25.92,25.98,26.0,26.14,27.11,24.7,25.07,24.51,27.0,27.06,27.29,25.62,25.76,27.3,25.38,25.76,24.77,27.65,27.1,27.22,27.13,26.86,27.54,27.1,24.6,26.13,27.62,25.96,26.19,24.75,25.77,26.87,26.52
2012,7,1,13,26.58,29.61,26.08,27.51,29.64,28.85,29.15,28.4,29.09,27.91,26.83,27.67,28.71,29.31,26.69,27.0,29.84,26.91,26.29,26.77,26.99,28.89,27.06,27.05,27.07,28.01,28.3,27.8,29.46,27.19,27.35,26.7,26.53,27.33,27.61,29.46,26.67,27.86,26.63,27.23,29.64,28.68,26.26,28.56,27.33,26.59,29.56,29.24,28.37,27.17,27.24,27.62,28.14,29.36,26.66,26.97,26.13,29.53,29.56,29.48,26.9,26.73,28.08,26.9,27.0,26.78,28.82,29.08,29.59,29.69,29.37,29.77,29.66,26.21,27.25,28.36,27.44,28.45,26.35,27.09,29.12,27.6
2012,7,1,14,28.14,32.22,28.04,29.34,32.22,30.22,31.4,30.15,31.39,30.01,28.5,29.64,31.0,30.91,28.59,28.96,31.87,28.75,28.17,28.64,29.06,30.85,28.43,28.41,28.78,29.57,29.48,29.15,32.14,28.62,29.29,28.69,28.23,29.29,29.8,31.75,28.56,29.86,28.63,29.04,32.19,30.07,28.21,31.06,28.93,28.56,31.98,31.77,30.36,29.18,29.11,30.17,30.52,31.37,28.47,28.92,28.14,32.01,32.19,31.18,28.66,28.53,29.33,28.86,28.91,28.58,30.07,30.83,31.69,32.31,31.97,31.38,32.21,28.19,28.85,29.46,29.41,30.6,28.08,29.32,31.26,29.05
2012,7,1,15,29.6,34.49,29.69,31.08,34.32,31.58,33.52,31.54,33.49,32.04,30.2,31.88,33.11,32.6,30.44,30.87,33.84,30.58,29.84,30.31,31.09,32.66,29.84,29.77,30.51,30.69,30.3,30.54,34.55,29.82,31.35,30.61,29.86,31.29,31.95,33.84,30.43,31.96,30.53,30.85,34.46,31.0,30.04,33.38,30.48,30.48,34.05,34.07,32.21,31.12,31.04,32.61,32.7,33.37,30.23,30.8,29.92,34.17,34.51,32.93,30.5,30.55,30.53,30.78,30.99,30.31,31.05,32.43,33.72,34.44,34.36,33.15,34.38,30.05,30.49,30.46,31.6,32.62,29.6,31.53,33.34,30.38
2012,7,1,16,31.19,35.96,31.42,32.77,35.72,33.06,35.13,33.26,35.2,33.68,31.95,33.87,34.98,34.15,32.31,32.66,35.39,32.26,31.6,31.89,32.96,34.33,31.04,30.92,32.2,32.44,31.81,32.02,36.39,30.98,33.24,32.42,31.58,33.1,33.99,35.3,32.19,33.98,32.39,32.61,36.12,32.53,31.9,35.41,32.12,32.3,35.49,35.97,33.8,33.02,32.97,34.74,34.54,34.91,31.84,32.55,31.71,35.75,36.05,34.47,32.2,32.44,32.03,32.58,32.85,31.8,32.51,34.02,35.29,35.8,36.09,34.76,35.81,31.85,32.13,31.91,33.53,34.23,31.22,33.44,34.98,32.01
2012,7,1,17,32.39,37.14,32.44,33.97,36.84,34.22,36.26,34.49,36.26,34.91,33.38,35.3,36.08,35.27,33.83,34.15,36.49,33.72,32.77,33.25,34.52,35.54,32.2,32.11,33.62,33.61,32.95,33.32,37.45,31.93,34.64,33.96,32.85,34.54,35.25,36.46,33.74,35.28,33.91,33.76,37.17,33.69,33.23,36.48,33.27,33.87,36.57,36.99,35.07,34.22,34.22,36.01,35.75,36.02,33.32,34.04,32.93,36.82,37.15,35.54,33.5,33.66,33.28,34.09,34.29,33.3,33.65,35.14,36.38,36.93,37.21,35.86,36.9,33.28,33.54,33.13,35.07,35.39,32.19,34.68,36.1,33.23
2012,7,1,18,33.17,38.12,33.65,34.56,37.91,34.95,37.01,35.11,36.95,35.6,34.05,36.28,36.82,35.87,34.89,35.48,37.37,35.12,33.78,34.37,35.78,36.07,33.01,32.94,34.54,34.38,33.74,34.05,38.3,32.72,35.78,35.31,33.57,35.86,35.78,37.32,35.13,35.92,35.19,34.5,38.11,34.31,34.42,37.31,34.14,35.15,37.55,37.77,35.65,34.8,35.01,36.75,36.52,36.66,34.5,35.4,34.16,37.76,38.12,36.07,34.63,34.71,34.05,35.36,35.54,34.54,34.34,35.6,37.17,37.99,38.07,36.59,37.91,34.49,34.26,33.92,36.29,36.12,33.27,35.28,36.73,34.09
2012,7,1,19,35.13,38.08,35.03,33.99,37.55,34.91,35.78,34.58,35.86,34.3,35.98,36.46,35.87,35.51,36.32,36.32,36.95,36.09,35.44,35.51,36.71,35.29,33.56,33.75,35.63,34.24,33.89,35.3,38.26,33.75,36.07,36.38,35.55,36.54,35.34,36.32,36.22,35.93,36.47,34.35,37.46,33.91,35.88,36.8,34.42,36.4,37.07,37.28,34.68,34.34,35.08,36.1,35.46,35.97,35.41,36.43,35.38,36.56,38.05,35.47,35.09,34.89,34.94,36.09,35.92,35.6,34.08,34.98,36.56,37.76,38.06,36.13,37.19,35.75,35.76,34.44,36.79,34.73,35.06,34.22,35.85,34.56
2012,7,1,20,35.4,38.06,35.3,34.36,35.62,35.38,35.23,34.75,35.77,34.24,36.22,36.58,35.91,36.1,36.82,36.81,37.15,36.76,35.74,36.11,37.38,35.25,33.65,33.91,36.17,34.51,34.34,35.83,38.07,33.99,36.14,36.98,35.79,36.89,35.56,34.75,36.75,36.11,36.99,34.91,37.22,34.24,36.24,36.81,34.95,36.79,35.58,37.23,34.62,34.66,35.37,36.08,35.47,36.24,35.63,37.03,35.64,35.33,37.91,36.05,35.76,35.37,35.49,36.77,36.3,36.12,34.5,35.36,36.79,36.28,38.16,36.66,34.77,35.92,36.25,34.98,37.13,34.27,35.17,34.29,35.79,35.02
2012,7,1,21,34.24,34.63,35.0,34.06,32.03,35.6,34.24,34.65,33.61,32.14,36.2,36.09,32.42,36.16,36.86,37.02,36.81,37.02,35.67,36.19,37.47,35.14,33.54,33.73,36.37,34.63,34.61,35.86,35.08,33.82,35.92,37.19,35.76,37.07,31.54,35.28,37.13,33.99,37.08,34.76,35.23,34.43,36.19,32.43,35.17,36.9,34.16,34.59,34.29,32.62,34.69,30.86,30.69,36.11,35.74,37.39,35.52,33.96,34.59,36.22,36.04,35.48,35.68,37.07,36.35,36.06,34.73,35.47,36.53,32.66,36.25,36.72,32.79,35.88,36.24,35.19,36.94,32.2,33.35,31.79,35.84,35.28
2012,7,1,22,32.15,31.76,31.87,34.27,32.98,35.5,34.71,34.93,32.77,32.55,35.47,35.04,31.52,36.07,36.19,36.9,36.1,36.92,33.56,35.35,37.14,35.37,33.02,33.07,36.06,34.8,34.77,35.81,32.71,32.81,35.89,36.84,34.17,36.94,31.52,35.54,36.8,33.57,36.44,35.0,31.39,34.44,35.51,31.55,35.28,36.38,34.17,32.68,34.53,33.24,34.8,31.31,30.79,36.18,35.29,37.1,33.93,33.65,32.52,35.84,36.0,35.65,35.81,36.9,36.37,35.58,34.93,35.38,36.41,32.4,32.0,36.51,32.66,35.24,35.93,35.22,36.42,32.89,30.42,32.0,35.68,35.41
2012,7,1,23,31.73,31.43,30.3,33.28,32.92,35.17,32.87,34.23,32.18,30.79,33.96,31.27,31.2,35.56,34.89,35.83,35.24,35.32,31.26,33.11,34.98,34.33,31.35,31.4,35.59,34.39,34.65,35.22,31.25,31.46,33.01,36.14,32.32,35.7,31.03,32.82,34.81,31.29,35.55,33.88,30.8,34.24,32.71,31.04,34.78,35.0,33.9,31.72,33.86,31.96,32.61,31.01,30.8,33.71,32.38,35.41,32.14,31.65,31.58,34.68,35.38,33.63,35.48,36.34,34.92,32.66,34.67,34.13,35.38,32.5,30.94,35.69,31.98,33.58,34.9,34.96,33.25,32.44,30.07,30.93,33.27,34.91
2012,7,2,0,31.29,30.96,29.53,32.64,32.42,34.52,32.53,33.01,31.87,31.14,32.14,30.56,31.01,34.84,33.05,34.42,33.47,33.86,30.48,31.78,33.69,33.31,30.35,30.31,34.0,33.58,34.06,33.86,31.21,30.32,31.19,33.82,31.22,34.37,30.21,31.17,33.68,30.21,32.97,32.95,31.44,33.46,31.28,30.87,34.07,33.25,32.38,31.55,32.9,31.02,30.52,30.78,30.67,32.3,31.54,33.88,30.5,31.82,31.35,34.39,34.24,32.53,34.63,34.39,33.14,31.64,34.04,33.62,32.52,32.04,30.08,34.78,31.91,31.58,33.18,34.25,32.16,32.02,29.75,30.7,32.55,34.22
2012,7,2,1,30.36,30.29,28.61,30.8,31.19,33.44,31.8,31.89,31.04,29.96,30.86,29.98,30.15,33.71,31.41,32.17,32.36,32.19,29.48,30.19,32.15,32.2,29.35,29.28,32.36,32.54,32.94,32.34,30.41,29.15,30.15,32.15,30.15,32.55,29.66,30.28,31.99,29.74,31.43,31.28,30.75,32.51,29.96,30.12,32.59,31.53,31.11,30.81,31.34,30.17,29.97,30.12,29.9,31.04,30.19,32.09,29.38,30.91,30.44,33.21,32.22,31.05,33.21,31.88,30.16,30.2,32.95,32.39,31.57,31.04,29.45,33.76,30.95,30.15,31.68,33.11,31.18,30.87,28.95,29.85,31.45,33.06
2012,7,2,2,29.25,29.32,27.69,29.77,29.92,32.27,30.96,31.07,30.1,29.06,29.79,29.31,29.15,32.48,30.1,30.81,31.09,30.74,28.43,28.98,30.68,31.26,28.53,28.49,30.96,31.62,31.69,31.11,29.59,28.33,29.34,30.69,29.15,31.02,28.78,29.72,30.5,29.0,30.1,30.17,29.78,31.39,28.88,29.22,31.32,30.11,29.92,29.95,30.46,29.22,29.2,29.04,28.92,30.28,28.98,30.7,28.34,30.09,29.45,31.93,30.7,29.75,31.82,30.79,29.49,29.0,31.72,31.33,30.44,29.76,28.74,32.51,29.8,28.97,30.46,31.85,30.12,29.83,27.98,28.91,30.7,31.82
2012,7,2,3,28.32,28.7,27.08,28.87,29.09,31.24,29.94,30.23,29.03,28.23,29.04,28.52,28.4,31.44,29.17,29.89,30.19,29.72,27.66,28.17,29.55,30.45,28.03,27.92,29.93,30.56,30.78,30.29,28.9,27.8,28.62,29.7,28.36,30.01,28.2,29.18,29.5,28.3,29.16,29.09,29.0,30.32,28.09,28.53,30.02,29.15,29.08,29.01,29.58,28.56,28.5,28.37,28.22,29.67,28.15,29.63,27.62,29.24,28.81,30.99,29.72,28.9,30.82,29.78,28.79,28.18,30.68,30.47,29.65,28.98,28.26,31.57,29.0,28.16,29.64,30.88,29.29,28.88,27.27,28.2,30.05,30.62
2012,7,2,4,27.54,28.19,26.59,28.17,28.45,30.34,28.93,29.13,28.37,27.72,28.32,27.91,27.91,30.5,28.37,29.0,29.52,28.84,26.96,27.55,28.77,29.47,27.69,27.5,28.98,29.33,29.98,29.56,28.43,27.4,28.17,28.74,27.62,29.33,27.68,28.56,28.6,27.78,28.34,28.41,28.48,29.49,27.4,28.02,28.99,28.32,28.47,28.38,28.61,28.0,27.82,27.92,27.75,29.11,27.5,28.81,27.05,28.54,28.29,30.12,28.9,28.2,29.95,28.83,28.14,27.54,29.88,29.67,29.06,28.37,27.84,30.71,28.39,27.48,28.89,30.02,28.65,28.09,26.75,27.73,29.21,29.53
2012,7,2,5,26.99,27.78,26.1,27.63,27.95,29.65,28.34,28.28,27.81,27.24,27.69,27.71,27.44,29.74,27.71,28.27,28.92,28.11,26.38,27.1,28.24,28.66,27.37,27.13,28.27,28.49,29.27,28.99,27.96,27.1,27.74,28.04,26.98,28.54,27.22,28.17,27.88,27.4,27.69,27.89,28.0,28.87,26.8,27.56,28.34,27.64,28.01,27.85,27.91,27.48,27.48,27.42,27.27,28.59,26.93,28.16,26.51,28.02,27.86,29.37,28.36,27.84,29.3,28.25,27.83,26.98,29.27,28.96,28.53,27.87,27.53,29.93,27.92,26.9,28.33,29.33,28.26,27.52,26.37,27.16,28.65,28.77
2012,7,2,6,26.6,27.44,25.73,27.12,27.56,28.92,27.78,27.62,27.25,26.83,27.16,27.21,26.93,29.06,27.08,27.66,28.44,27.52,25.96,26.63,27.62,28.04,27.12,26.87,27.65,27.85,28.59,28.47,27.54,26.82,27.15,27.41,26.49,27.79,26.8,27.81,27.29,27.0,27.1,27.34,27.54,28.3,26.29,27.05,27.75,27.07,27.65,27.34,27.34,26.98,26.95,26.91,26.79,28.19,26.52,27.54,26.06,27.48,27.5,28.76,27.79,27.35,28.73,27.67,27.35,26.56,28.65,28.39,28.1,27.48,27.26,29.28,27.5,26.41,27.85,28.71,27.67,27.03,26.05,26.74,28.18,28.15
2012,7,2,7,25.89,26.96,24.81,26.34,27.1,27.96,27.05,26.89,26.62,26.12,26.31,26.88,26.36,28.15,26.08,26.75,27.82,26.77,25.06,26.12,26.86,27.16,26.67,26.56,26.55,27.07,27.69,27.61,26.65,26.57,26.65,26.45,25.68,26.99,26.36,27.25,26.51,26.89,26.11,26.54,26.78,27.48,25.33,26.46,26.72,26.19,27.16,26.69,26.59,26.32,26.55,26.29,26.15,27.43,25.91,26.79,25.07,26.87,26.82,27.88,26.75,26.61,27.83,26.6,26.59,26.09,27.84,27.46,27.51,27.0,26.64,28.43,26.95,25.45,26.98,27.9,27.01,26.38,25.42,26.02,27.22,27.21
2012,7,2,8,25.56,26.68,24.47,25.77,26.72,27.46,26.57,26.36,26.23,25.68,25.83,26.54,25.95,27.62,25.52,26.21,27.3,26.28,24.68,25.66,26.39,26.63,26.35,26.22,25.99,26.53,27.09,27.09,26.4,26.22,26.1,25.89,25.26,26.49,25.97,26.73,26.02,26.37,25.55,25.98,26.48,26.95,24.83,26.08,26.11,25.65,26.71,26.33,26.07,25.83,26.03,25.9,25.75,26.92,25.48,26.31,24.63,26.49,26.56,27.36,26.21,26.08,27.25,26.04,26.07,25.68,27.33,26.95,27.01,26.66,26.38,27.85,26.58,24.96,26.52,27.38,26.48,25.93,25.15,25.59,26.67,26.69
2012,7,2,9,25.33,26.38,24.27,25.31,26.37,27.07,26.16,25.96,25.86,25.34,25.42,25.94,25.6,27.16,24.97,25.75,26.86,25.85,24.44,25.26,25.99,26.21,26.02,25.91,25.39,26.07,26.64,26.61,26.08,25.9,25.64,25.38,24.94,26.07,25.58,26.27,25.58,25.98,25.04,25.48,26.12,26.54,24.45,25.72,25.52,25.2,26.31,25.96,25.67,25.44,25.55,25.57,25.42,26.45,25.1,25.89,24.31,26.11,26.24,26.88,25.62,25.6,26.71,25.49,25.65,25.32,26.94,26.52,26.56,26.33,26.11,27.32,26.22,24.58,26.09,26.93,26.04,25.57,24.92,25.27,26.22,26.17
2012,7,2,10,25.07,26.17,24.03,25.02,26.08,26.71,25.87,25.66,25.63,25.14,25.14,25.52,25.38,26.76,24.62,25.41,26.45,25.53,24.22,24.93,25.64,25.89,25.78,25.65,25.01,25.74,26.28,26.29,25.86,25.62,25.36,25.0,24.72,25.77,25.36,25.93,25.26,25.53,24.69,25.17,25.89,26.2,24.17,25.47,25.15,24.89,25.96,25.7,25.39,25.21,25.27,25.41,25.27,26.06,24.83,25.56,24.06,25.85,26.03,26.47,25.2,25.28,26.32,25.1,25.37,25.03,26.59,26.16,26.16,26.1,25.91,26.85,25.97,24.34,25.79,26.56,25.72,25.35,24.6,25.11,25.89,25.82
2012,7,2,11,24.81,25.97,23.78,24.81,25.76,26.52,25.63,25.37,25.47,24.95,24.86,25.24,25.29,26.51,24.35,25.13,26.08,25.26,23.99,24.63,25.34,25.6,25.57,25.41,24.76,25.48,26.03,26.13,25.7,25.34,25.12,24.71,24.5,25.5,25.19,25.63,25.01,25.28,24.44,24.96,25.71,25.9,23.95,25.36,24.94,24.66,25.61,25.56,25.16,24.99,25.05,25.31,25.17,25.74,24.6,25.28,23.88,25.63,25.86,26.17,24.95,25.06,26.14,24.84,25.14,24.78,26.33,25.85,25.81,25.85,25.77,26.54,25.72,24.15,25.52,26.4,25.44,25.14,24.25,24.97,25.6,25.61
2012,7,2,12,24.9,26.57,24.08,25.29,26.26,26.84,26.08,25.79,26.07,25.42,25.11,25.91,25.98,26.9,24.84,25.62,26.54,25.76,24.35,25.18,25.92,25.98,25.88,25.77,25.18,25.86,26.41,26.37,26.4,25.79,25.66,25.25,24.76,25.99,25.87,26.03,25.51,25.97,25.0,25.48,26.3,26.31,24.47,26.21,25.41,25.21,26.08,26.31,25.64,25.49,25.61,26.09,25.84,26.11,25.1,25.78,24.39,26.2,26.51,26.62,25.4,25.55,26.49,25.35,25.64,25.29,26.67,26.24,26.25,26.42,26.48,26.93,26.27,24.72,25.69,26.66,26.01,25.61,24.32,25.52,25.96,25.9
2012,7,2,13,26.63,28.52,26.08,27.31,28.32,27.97,27.6,27.61,27.62,27.11,27.14,28.15,27.74,28.1,27.27,27.79,28.32,27.8,26.57,27.49,28.22,27.58,27.48,27.4,27.45,27.74,27.97,27.75,27.97,27.53,27.75,27.61,26.83,28.03,27.8,27.69,27.61,28.15,27.49,27.62,27.6,27.83,26.91,28.09,27.63,27.59,28.12,28.05,27.53,27.36,27.65,28.07,27.69,27.74,27.27,27.9,26.77,27.88,28.21,28.06,27.62,27.63,27.94,27.7,27.76,27.38,27.97,27.74,28.07,28.41,28.31,28.26,28.07,27.1,27.46,27.87,28.19,27.26,25.9,27.39,27.47,27.68
2012,7,2,14,28.43,30.9,28.44,29.53,30.48,29.3,29.41,29.5,29.61,29.38,29.15,30.23,29.84,29.51,29.65,30.26,29.91,30.13,28.78,29.9,30.65,29.34,29.35,29.32,29.57,29.67,29.32,29.04,30.35,29.43,30.09,30.15,28.84,30.36,30.21,29.39,30.05,30.39,30.07,29.95,30.04,29.31,29.37,30.5,29.75,30.12,30.03,30.27,29.51,29.83,30.06,30.47,29.93,29.36,29.68,30.29,29.25,29.88,30.71,29.57,29.9,29.99,29.21,30.18,30.19,29.75,29.27,29.33,29.7,30.77,30.7,29.66,30.32,29.6,29.21,28.94,30.33,29.24,27.93,29.72,29.16,29.47
2012,7,2,15,30.43,32.93,30.69,31.36,32.22,30.6,31.37,31.09,31.7,31.4,30.94,32.52,31.94,30.93,31.5,32.47,31.5,32.33,30.84,32.12,32.87,31.14,31.17,31.17,31.28,31.1,30.42,30.49,32.81,31.24,32.41,32.26,30.75,32.7,32.42,31.15,32.24,32.55,32.06,31.79,32.46,30.57,31.31,32.76,31.39,32.24,31.72,32.57,31.35,31.92,32.18,32.71,32.01,31.07,31.82,32.59,31.34,31.89,32.9,31.15,31.67,31.91,30.56,32.15,32.33,31.95,30.51,30.95,31.35,32.62,32.91,31.12,32.21,31.65,30.86,30.21,32.62,31.19,30.1,31.76,31.05,30.91
2012,7,2,16,32.13,34.25,32.41,32.46,33.52,31.96,32.88,32.32,33.21,32.6,32.37,33.94,33.4,32.2,32.85,33.75,32.86,33.62,32.42,33.7,34.25,32.53,32.38,32.5,32.52,32.25,31.58,31.92,34.38,32.78,33.75,33.63,32.26,34.03,33.79,32.65,33.59,33.91,33.48,32.88,34.02,31.79,32.76,34.22,32.46,33.7,33.11,34.13,32.58,33.12,33.41,34.08,33.34,32.46,33.15,33.95,32.9,33.39,34.3,32.41,32.76,33.04,31.9,33.36,33.52,33.39,31.77,32.27,32.72,33.88,34.34,32.34,33.58,33.16,32.27,31.58,34.01,32.51,31.98,32.95,32.56,32.1
2012,7,2,17,33.58,35.41,33.94,33.64,34.64,32.9,34.28,33.62,34.41,33.72,33.68,35.02,34.34,33.24,34.08,34.92,33.89,34.92,33.86,35.07,35.67,33.91,33.73,33.84,33.76,33.44,32.64,33.24,35.61,33.84,34.81,34.84,33.63,35.19,34.61,33.96,34.9,34.88,34.71,34.01,35.22,32.85,34.05,34.98,33.63,35.0,34.23,35.16,33.9,34.13,34.42,34.78,34.2,33.69,34.6,35.32,34.27,34.68,35.49,33.56,33.88,34.09,33.12,34.49,34.57,34.88,32.77,33.48,33.85,35.02,35.6,33.41,34.8,34.48,33.63,32.63,35.21,33.74,33.54,33.85,33.98,33.34
2012,7,2,18,34.57,36.32,34.7,34.76,35.67,33.93,35.51,34.71,35.52,34.93,34.66,35.72,35.48,34.15,34.87,35.61,34.78,35.49,34.63,35.56,36.03,35.07,34.59,34.61,34.71,34.54,33.69,34.54,36.47,34.43,35.53,35.6,34.55,35.79,35.54,35.06,35.54,35.63,35.5,35.1,36.17,33.81,34.78,36.06,34.67,35.8,35.22,36.13,35.07,35.09,35.27,35.86,35.42,34.69,35.43,35.81,35.03,35.78,36.38,34.46,34.8,35.08,34.34,35.31,35.37,35.55,33.72,34.49,34.78,36.0,36.4,34.22,35.81,35.37,34.83,33.77,35.84,34.97,34.49,34.98,35.17,34.49
2012,7,2,19,35.67,34.7,34.31,34.23,35.49,34.79,35.34,34.64,35.32,34.39,35.48,34.3,35.2,34.52,33.32,31.03,35.08,32.65,34.76,34.12,35.06,34.79,30.07,29.99,34.72,34.85,34.46,35.62,34.92,32.45,33.33,29.33,35.46,33.36,34.08,35.12,31.55,34.06,29.09,34.3,35.29,34.19,31.48,35.26,34.75,29.88,35.57,35.22,34.62,33.84,33.58,34.83,35.03,34.7,30.29,33.96,30.79,35.54,34.79,34.55,32.71,33.11,35.34,30.48,31.53,31.88,34.35,34.51,35.04,35.09,34.45,34.38,35.36,28.78,35.71,34.87,34.75,34.66,35.17,34.12,34.88,35.05
2012,7,2,20,35.65,35.49,32.25,35.02,35.77,35.36,35.77,35.25,35.67,35.06,35.51,35.15,35.64,35.12,33.18,33.02,35.2,33.8,33.96,34.17,35.63,35.42,29.4,30.19,34.89,35.33,34.89,35.93,35.66,31.04,34.48,32.0,35.23,34.62,35.17,35.34,33.11,35.14,30.99,35.15,35.72,34.72,30.69,35.9,35.06,31.98,35.59,35.77,35.31,35.01,34.77,35.69,35.58,35.12,30.88,34.85,29.19,35.85,35.49,35.11,33.59,34.25,35.73,32.29,33.25,32.47,34.89,35.09,35.22,35.64,35.31,34.89,35.65,30.02,35.83,35.41,35.46,35.21,35.05,35.02,35.41,35.41
2012,7,2,21,35.84,36.03,31.16,35.16,36.07,35.42,35.63,35.11,35.9,35.26,36.04,35.51,35.98,35.05,33.56,33.88,35.38,34.48,32.96,33.44,35.95,35.06,31.32,31.56,35.07,35.28,35.01,36.12,36.26,30.87,34.99,33.41,35.3,35.08,35.65,35.14,33.95,35.61,32.58,35.5,36.26,34.7,30.99,36.34,35.04,33.34,35.72,36.28,35.2,35.48,35.25,36.17,35.92,34.83,32.52,35.13,30.8,36.07,36.05,34.92,34.08,34.87,35.85,33.46,34.1,33.43,34.95,34.76,35.28,36.11,35.77,35.03,35.96,31.85,36.16,35.53,35.71,35.32,34.82,35.36,34.96,35.28
2012,7,2,22,35.26,35.91,31.02,34.91,35.64,35.26,35.3,34.76,35.61,35.04,35.54,35.31,35.8,34.79,33.44,34.26,34.67,34.49,32.48,33.31,34.72,34.76,31.94,32.17,35.22,35.14,35.09,36.13,36.1,31.75,34.96,33.9,34.6,35.03,35.67,34.85,34.12,35.56,33.19,35.37,35.99,34.56,31.46,36.28,35.14,33.58,35.34,36.1,34.9,35.36,35.24,36.16,35.73,34.58,33.01,35.03,31.3,35.71,35.86,34.67,34.52,34.94,36.05,34.05,34.44,33.72,34.92,34.53,34.89,35.85,35.73,34.77,35.73,32.26,36.19,35.52,35.37,34.91,33.56,35.29,34.7,35.44
2012,7,2,23,34.7,34.11,31.27,34.4,32.87,34.92,34.78,34.4,34.88,34.53,34.94,34.47,34.98,34.51,33.36,33.7,33.95,34.02,32.27,31.77,30.46,34.4,31.88,32.03,34.91,34.73,34.89,35.68,34.8,31.71,33.4,33.56,34.08,33.98,35.25,34.13,33.51,34.88,33.19,34.29,34.54,34.33,31.96,34.99,34.72,33.3,33.49,35.07,34.45,34.47,33.66,35.18,34.8,34.12,32.72,33.59,31.65,34.53,34.03,34.41,34.2,33.33,35.65,33.73,33.36,33.37,34.72,34.3,33.94,32.8,34.51,34.23,33.64,32.26,35.79,35.08,33.54,34.44,32.75,34.75,34.32,35.16
2012,7,3,0,33.18,32.51,30.45,33.22,32.39,34.38,33.25,33.63,33.7,33.29,33.57,33.18,33.45,34.19,32.5,33.09,33.43,33.04,31.24,31.3,30.56,33.71,31.1,31.2,33.97,33.8,34.24,34.88,33.52,31.01,32.7,32.93,32.54,33.31,33.41,32.91,32.59,33.04,32.55,32.56,33.52,33.88,31.28,33.12,33.73,32.47,32.85,33.87,33.55,32.79,32.4,33.71,33.46,33.49,31.77,32.7,30.92,33.0,32.74,34.03,33.14,31.41,34.99,33.16,32.58,32.2,34.21,33.87,33.35,32.16,32.82,33.92,32.82,31.57,34.7,34.34,32.65,33.4,31.25,33.2,33.42,34.27
2012,7,3,1,31.26,31.18,29.05,31.61,31.35,33.19,31.79,32.23,31.88,31.39,31.75,31.86,32.1,33.13,30.81,31.92,32.1,31.62,29.74,30.22,29.8,32.22,29.8,29.85,31.81,32.67,32.62,33.35,32.09,29.81,31.2,31.58,30.81,31.98,31.95,31.56,31.22,31.64,31.02,31.39,31.95,32.63,29.73,32.19,32.17,31.02,31.59,32.42,31.77,31.16,30.87,32.4,32.05,32.18,30.31,31.61,29.44,31.64,31.46,33.08,31.21,30.36,33.66,31.61,31.3,30.73,32.96,32.74,31.98,31.11,31.45,32.93,31.55,30.07,32.76,32.99,31.31,31.49,29.64,31.53,31.97,32.84
2012,7,3,2,29.72,30.05,27.68,30.21,30.15,31.78,30.47,31.1,30.49,29.86,30.14,30.61,30.66,31.51,29.27,30.54,30.79,30.24,28.4,29.01,28.83,30.96,28.85,28.95,30.2,31.5,31.28,31.83,30.74,28.82,30.06,30.03,29.34,30.76,30.48,30.18,29.87,30.47,29.42,30.21,30.63,31.24,28.28,31.15,30.9,29.58,30.18,30.99,30.45,29.87,29.77,31.1,30.56,30.85,29.05,30.22,28.02,30.35,30.3,31.63,29.93,29.63,32.18,30.21,30.22,29.39,31.27,31.27,30.73,30.09,30.2,31.63,30.29,28.63,31.14,31.55,30.09,30.0,28.37,30.02,30.59,31.3
2012,7,3,3,28.6,29.22,26.76,29.29,29.34,30.52,29.75,30.27,29.72,29.07,28.84,29.56,29.82,30.14,28.11,29.48,29.87,29.15,27.41,28.16,28.13,30.1,28.21,28.35,28.95,30.41,30.24,30.61,29.9,28.19,29.32,28.88,28.23,30.0,29.48,29.43,28.95,29.58,28.29,29.62,29.8,30.04,27.24,30.38,29.84,28.59,29.35,30.07,29.62,29.06,29.04,30.07,29.68,29.9,28.19,29.12,27.03,29.53,29.45,30.12,28.88,28.94,30.84,28.98,29.38,28.49,29.86,29.99,29.88,29.26,29.4,30.33,29.41,27.63,30.04,30.27,29.14,29.26,27.48,29.13,29.78,30.17
2012,7,3,4,27.77,28.56,25.96,28.39,28.49,29.72,29.16,29.48,28.93,28.39,27.89,28.85,28.91,29.35,27.19,28.54,29.01,28.31,26.56,27.56,27.61,29.34,27.74,27.92,27.83,29.79,29.48,29.64,29.18,27.74,28.69,27.93,27.4,29.25,28.55,28.76,28.16,28.89,27.33,28.66,28.94,29.02,26.39,29.4,28.7,27.76,28.56,29.2,29.04,28.36,28.5,29.1,28.72,28.96,27.51,28.28,26.19,28.72,28.55,29.04,27.95,28.15,29.63,27.9,28.48,27.83,29.0,29.05,28.99,28.55,28.59,29.76,28.59,26.81,28.8,29.2,28.42,28.53,26.74,28.29,29.08,29.81
2012,7,3,5,27.16,28.22,25.43,28.14,27.69,29.0,28.61,28.45,28.24,27.91,27.25,28.34,28.19,28.54,26.53,27.84,28.64,27.75,25.97,27.05,27.21,28.64,27.27,27.48,27.05,29.1,28.86,28.63,28.45,27.39,28.38,27.08,26.81,28.63,27.77,28.11,27.49,28.2,26.59,27.97,28.21,28.06,25.79,28.42,27.2,27.08,27.81,28.51,28.48,27.74,27.94,28.09,28.01,28.31,26.9,27.66,25.61,27.95,28.29,28.33,27.23,27.54,28.95,27.07,27.89,27.26,28.31,28.37,28.4,27.75,28.19,29.81,27.8,26.18,27.75,28.28,27.94,27.98,26.22,27.63,28.54,28.97
2012,7,3,6,26.57,27.37,24.94,27.39,27.08,28.33,28.13,27.33,27.73,27.52,26.57,27.64,27.72,27.51,25.86,26.96,27.7,27.11,25.36,26.56,26.76,27.96,26.89,27.08,26.33,27.53,28.32,28.55,27.87,27.05,27.83,26.3,26.16,27.74,27.21,27.58,26.81,27.55,25.91,26.89,27.61,27.26,25.19,27.85,26.34,26.42,27.21,27.95,27.46,27.02,27.26,27.48,27.52,27.62,26.39,27.08,25.06,27.43,27.61,27.43,26.43,26.7,28.73,26.26,27.04,26.76,27.72,27.67,27.98,26.99,27.81,28.18,27.19,25.6,27.01,27.48,27.39,27.38,25.75,27.19,28.05,27.51
2012,7,3,7,26.2,25.96,24.82,26.01,25.91,27.34,26.47,26.05,26.36,25.97,25.89,26.46,26.55,26.28,25.1,26.29,26.43,26.49,25.02,25.54,25.43,26.55,26.78,27.0,25.49,27.1,28.3,27.22,27.07,26.74,26.51,25.74,25.55,26.67,26.47,26.25,26.59,26.68,25.24,26.15,26.37,27.27,24.64,27.14,25.93,26.03,26.07,27.16,25.81,26.02,26.34,26.76,26.23,26.16,26.05,25.95,24.65,26.15,26.18,25.76,25.73,26.21,27.55,25.51,26.16,26.07,27.52,26.25,26.28,25.84,26.52,26.32,26.0,25.04,26.37,28.47,26.17,25.97,25.79,25.97,26.58,26.37
2012,7,3,8,25.86,25.42,24.49,25.2,25.38,26.68,25.98,25.57,25.64,25.22,25.52,25.94,25.8,25.73,24.71,25.51,25.85,25.84,24.71,25.33,25.07,25.97,26.3,26.56,24.96,26.03,26.88,26.35,26.34,26.48,25.78,25.12,25.25,25.95,25.94,25.9,25.82,26.15,24.81,25.25,25.71,26.38,24.33,26.36,24.55,25.43,25.51,26.28,25.13,25.28,25.55,26.12,25.52,25.72,25.44,25.45,24.37,25.55,25.56,25.07,24.97,25.1,26.33,24.89,25.26,25.65,26.4,25.49,25.76,25.3,25.84,25.89,25.45,24.68,25.83,26.86,25.61,25.29,25.44,25.31,26.22,25.08
2012,7,3,9,25.59,25.0,24.24,24.55,24.99,26.54,25.63,24.77,25.16,24.74,25.33,25.51,25.21,25.52,24.49,25.04,25.53,25.37,24.49,25.18,24.9,25.3,25.97,26.2,24.71,24.54,25.11,26.11,25.69,26.25,25.21,24.7,25.05,25.46,25.46,25.68,25.28,25.7,24.51,24.4,25.18,24.92,24.14,25.65,24.09,25.03,25.15,25.78,24.58,24.67,24.89,25.63,24.94,25.42,25.05,25.16,24.17,25.16,25.09,24.73,24.61,24.65,25.85,24.5,24.73,25.35,25.36,25.04,25.47,24.89,25.32,25.59,25.08,24.46,25.64,26.44,25.28,24.83,25.17,24.8,25.84,24.65
2012,7,3,10,25.33,24.59,24.03,23.76,24.52,26.63,25.11,24.13,24.63,24.22,25.09,25.02,24.65,25.67,24.28,24.67,25.22,25.04,24.29,24.98,24.7,24.72,25.71,25.91,24.47,24.03,24.94,25.98,25.11,26.05,24.62,24.43,24.83,24.99,24.92,25.35,24.95,25.24,24.31,23.75,24.67,24.44,23.97,25.11,23.72,24.78,24.71,25.11,24.06,24.16,24.45,24.99,24.42,25.13,24.82,24.89,24.03,24.7,24.63,24.73,24.28,24.13,25.74,24.25,24.31,25.07,25.44,24.91,25.18,24.45,24.87,25.41,24.65,24.31,25.45,26.4,24.92,24.2,24.91,24.31,25.37,24.41
2012,7,3,11,25.15,24.2,23.92,23.05,24.13,26.7,24.67,23.87,24.15,23.81,24.94,24.56,24.17,25.98,24.12,24.4,25.16,24.81,24.16,24.74,24.51,24.45,25.54,25.66,24.28,23.82,24.85,25.86,24.72,25.97,24.15,24.2,24.69,24.65,24.44,24.97,24.72,24.74,24.12,23.47,24.25,24.46,23.83,24.48,23.51,24.57,24.36,24.52,23.48,23.66,23.86,24.41,24.01,25.05,24.66,24.64,23.9,24.25,24.2,25.06,24.05,23.73,25.58,24.04,24.05,24.8,25.57,24.95,25.06,24.06,24.5,25.72,24.21,24.16,25.32,26.26,24.64,24.01,24.7,23.78,25.03,24.3
2012,7,3,12,25.43,24.61,24.36,23.85,24.66,26.76,24.93,24.33,24.47,24.25,25.29,25.09,24.4,26.33,24.6,24.92,25.61,25.36,24.62,25.31,25.29,25.04,25.77,25.81,24.7,24.28,25.5,26.23,25.0,26.38,24.67,24.72,25.08,25.2,24.91,25.12,25.21,25.17,24.64,23.89,24.59,25.2,24.34,24.84,24.03,25.05,24.8,24.85,24.2,24.06,24.24,24.84,24.28,25.41,25.07,25.31,24.4,24.61,24.58,25.65,24.52,24.2,25.96,24.6,24.62,25.27,25.95,25.4,25.45,24.57,24.84,26.26,24.64,24.65,25.57,26.53,25.27,24.26,24.96,24.16,25.36,24.61
2012,7,3,13,27.17,27.0,26.56,26.92,27.11,27.43,27.56,27.07,27.39,27.23,27.32,27.9,27.3,27.45,27.13,27.27,27.29,27.58,26.89,27.7,27.87,27.34,27.14,27.09,27.25,26.92,27.52,27.27,27.67,27.98,27.26,27.16,27.16,27.64,27.67,27.15,27.38,27.9,27.16,26.89,27.5,27.36,26.76,27.88,26.99,27.34,27.06,27.75,27.43,27.1,27.08,27.79,27.35,27.0,27.05,27.73,26.69,27.41,27.31,27.35,27.08,26.83,27.41,27.16,27.08,27.17,27.52,27.17,27.11,27.14,27.26,27.52,27.31,26.9,27.22,27.53,27.93,27.23,26.74,27.23,27.29,27.02
2012,7,3,14,29.24,29.32,28.89,29.81,29.37,28.64,30.13,29.32,29.9,30.21,29.58,30.92,29.94,28.48,29.76,30.16,28.92,30.16,29.32,30.1,30.68,29.67,28.48,28.59,29.56,28.97,28.6,28.68,30.03,29.74,30.37,29.91,29.46,30.61,30.85,29.49,29.84,31.04,29.79,30.05,29.9,28.66,29.26,30.45,29.43,29.67,29.32,30.16,30.13,30.37,30.34,30.8,30.27,28.93,28.93,30.44,28.94,29.86,29.62,28.7,29.79,29.91,28.6,30.07,30.15,29.33,28.61,28.85,28.97,29.44,29.52,28.57,29.68,29.04,29.16,28.67,30.83,30.02,28.9,30.33,29.65,28.81
2012,7,3,15,31.47,31.4,31.19,32.27,31.26,30.92,32.36,32.25,32.17,32.45,32.11,33.26,32.36,30.67,32.38,32.32,30.81,32.23,31.78,32.19,32.94,32.28,30.21,30.54,32.24,32.14,31.27,30.42,32.31,31.37,32.8,31.94,31.94,32.9,33.12,31.47,31.75,33.32,31.87,32.5,32.12,31.42,31.56,32.8,32.19,31.44,31.1,32.52,32.55,32.65,32.72,33.09,32.64,31.14,30.64,32.67,30.93,32.03,31.78,31.02,32.33,32.39,30.68,32.45,32.55,31.53,31.14,31.39,30.99,31.48,31.6,30.64,31.75,30.8,31.38,31.09,33.16,32.3,31.16,32.54,32.01,31.62
2012,7,3,16,33.36,32.85,32.82,34.0,32.86,32.22,33.88,33.92,33.65,33.92,34.27,35.08,33.84,32.21,34.12,34.05,32.66,33.91,33.53,33.73,34.73,33.81,31.66,32.11,34.16,33.97,32.91,32.7,33.73,32.65,34.67,33.59,33.93,34.74,34.69,33.11,33.36,35.0,33.47,34.32,33.64,32.89,33.13,34.28,34.01,33.01,32.84,33.98,34.11,34.33,34.54,34.58,34.08,32.9,32.22,34.46,32.44,33.61,33.21,32.7,34.07,34.22,32.75,34.18,34.35,33.18,32.54,32.98,32.86,32.98,32.98,32.32,33.33,32.3,33.8,32.56,35.06,33.73,32.89,34.01,33.59,33.6
2012,7,3,17,34.33,34.09,34.14,35.04,34.06,33.04,35.16,34.74,35.08,35.02,35.65,36.22,35.25,33.19,35.55,35.56,34.09,35.33,34.77,34.86,36.03,34.77,32.8,33.28,35.53,34.98,33.92,34.4,35.15,33.41,35.95,35.12,35.17,36.06,35.7,34.41,34.89,35.99,34.98,35.54,35.12,33.69,34.55,35.59,35.3,34.51,34.08,35.43,35.0,35.42,35.69,35.75,35.38,34.18,33.79,35.92,33.84,35.07,34.54,33.86,35.52,35.61,34.24,35.66,35.78,34.63,33.37,34.0,34.19,34.2,34.26,33.65,34.7,33.72,35.44,33.53,36.28,34.85,33.85,35.13,34.78,34.95
2012,7,3,18,35.29,35.2,35.29,35.97,35.08,34.29,36.26,35.65,36.05,35.87,36.29,37.22,36.08,34.34,35.93,36.05,35.0,36.12,35.7,35.24,36.39,35.85,33.7,34.05,35.95,35.81,34.66,35.39,36.18,33.77,36.92,35.77,35.93,36.69,36.59,35.53,35.91,36.98,35.79,36.49,36.19,34.54,35.42,36.29,35.98,35.78,35.05,36.3,35.94,36.39,36.66,36.52,36.15,35.23,34.96,36.46,35.12,36.18,35.68,34.88,35.95,36.45,35.13,35.89,36.45,35.49,34.27,35.06,35.11,35.28,35.38,34.52,35.77,35.09,36.19,34.38,36.88,35.78,34.88,35.97,35.94,35.7
2012,7,3,19,36.27,34.79,35.76,35.88,35.0,35.04,36.25,35.68,36.2,35.96,36.96,37.23,36.31,35.27,36.42,36.46,35.78,36.65,36.3,35.33,36.51,35.85,34.53,34.78,36.18,35.82,35.05,36.09,36.25,33.84,36.84,36.26,36.71,37.03,36.68,35.75,36.5,36.97,36.2,36.25,36.25,34.8,35.77,36.43,35.81,36.37,35.43,36.4,35.96,36.22,36.45,36.67,36.36,35.77,35.85,36.87,35.5,36.24,35.67,35.56,35.83,36.14,35.77,36.06,36.3,36.23,34.74,35.36,35.89,35.04,35.42,35.53,35.8,35.65,36.65,35.19,37.17,35.89,35.8,36.0,35.98,35.83
2012,7,3,20,36.36,34.8,35.77,36.16,35.85,35.6,36.74,36.06,36.64,36.38,36.94,37.41,36.78,35.9,36.68,36.59,36.49,35.82,36.26,32.19,31.7,36.25,33.85,33.04,36.48,36.17,35.48,36.56,36.62,32.83,37.1,36.38,36.61,36.91,37.17,36.33,36.02,37.46,36.36,36.47,36.74,35.21,35.86,36.91,36.07,35.82,36.29,36.84,36.3,36.67,36.89,37.2,36.86,36.32,33.77,35.27,35.39,36.77,36.05,36.09,36.18,36.42,36.22,36.54,36.65,32.34,35.2,35.84,36.52,35.68,34.98,36.12,36.39,34.91,36.97,35.57,36.28,36.32,36.09,36.48,36.48,36.23
2012,7,3,21,36.55,35.09,36.19,36.09,36.3,35.94,36.68,36.0,36.68,36.3,34.04,37.42,36.87,36.16,34.93,36.59,36.63,32.74,36.17,31.96,32.28,36.21,32.46,32.53,36.22,36.15,35.66,36.77,36.66,32.62,37.16,35.69,35.1,36.96,36.86,36.43,32.67,37.12,33.78,36.4,36.81,35.38,34.18,37.07,35.99,34.28,36.51,37.07,36.16,36.59,36.77,37.14,36.97,36.35,29.89,32.5,34.21,36.88,35.85,36.19,36.04,36.4,36.41,36.15,36.66,30.69,35.42,35.91,36.56,36.11,34.1,36.28,36.56,32.93,36.68,35.86,36.61,36.27,36.28,36.44,36.39,36.26
2012,7,3,22,33.66,35.23,33.3,36.13,36.18,35.95,36.64,36.03,36.56,36.21,32.32,37.2,36.65,36.26,32.46,35.32,36.52,30.88,32.73,32.22,32.76,36.19,31.27,30.68,35.53,36.13,35.58,36.63,36.54,31.45,37.08,32.75,30.77,36.26,36.72,36.32,29.43,36.88,31.75,36.44,36.75,35.37,30.73,36.77,36.05,29.75,36.35,36.91,36.22,36.35,36.65,36.8,36.64,36.27,29.49,32.02,29.43,36.76,35.82,36.24,36.15,36.45,36.41,35.87,36.76,31.09,35.48,35.91,36.43,35.98,34.56,36.38,36.48,29.92,36.42,35.83,35.88,36.19,35.57,36.2,36.36,36.13
2012,7,3,23,32.84,34.83,29.25,35.56,35.41,35.71,36.03,35.61,35.76,35.56,32.84,36.49,35.85,35.96,32.52,33.15,35.91,30.08,30.75,31.77,32.36,35.67,30.21,30.95,34.39,35.72,35.41,36.38,35.83,31.22,36.49,31.53,31.5,34.3,36.21,35.62,29.0,36.41,31.26,35.87,35.84,35.06,30.43,36.08,35.68,29.35,35.54,36.01,35.66,35.89,36.22,36.18,35.89,35.71,28.93,31.55,29.3,35.91,35.34,35.93,35.41,35.97,36.09,35.02,36.14,30.99,35.28,35.53,35.82,35.31,34.47,36.05,35.73,29.51,35.66,35.63,34.43,35.57,31.52,35.54,35.75,35.85
2012,7,4,0,30.88,33.3,27.85,33.58,34.42,34.99,34.57,33.97,34.54,33.79,32.04,34.64,34.53,35.24,31.73,31.19,35.14,29.43,29.55,31.11,31.42,34.15,29.8,30.33,33.32,34.09,34.78,35.48,34.71,30.7,34.81,30.25,30.79,32.07,34.91,34.45,28.63,34.96,30.41,34.46,34.86,34.21,29.76,34.8,34.01,29.09,34.59,34.84,33.75,34.5,34.73,34.89,34.4,34.66,28.66,30.58,28.61,34.78,34.31,35.09,34.02,34.73,35.58,32.79,34.23,30.3,34.6,34.4,34.97,34.21,33.32,35.45,34.63,29.19,34.07,35.12,32.77,33.85,29.22,34.06,34.39,34.44
2012,7,4,1,29.68,31.81,27.32,32.18,32.96,33.71,32.77,32.83,33.03,32.19,30.64,32.53,33.13,33.79,30.36,29.84,33.5,28.58,28.59,29.95,30.1,32.57,29.06,29.42,31.79,33.08,33.24,34.01,33.42,29.69,32.75,29.34,29.57,30.38,33.61,32.6,28.07,33.35,29.46,32.77,33.49,32.91,28.77,33.5,32.32,28.53,32.89,33.49,32.35,33.0,33.15,33.59,32.97,32.78,28.08,29.41,28.04,33.18,32.81,33.52,32.1,32.87,34.24,31.12,32.08,29.26,33.23,32.83,33.15,32.74,32.0,34.07,33.02,28.51,32.44,33.79,31.01,32.23,28.32,32.62,32.52,33.01
2012,7,4,2,28.73,30.33,26.89,30.79,31.32,32.41,31.08,31.52,31.34,30.51,29.37,30.78,31.5,32.35,29.01,28.82,31.89,27.8,27.69,28.75,28.86,31.11,28.38,28.69,30.42,31.9,31.66,32.64,31.94,28.84,30.63,28.39,28.51,29.22,31.95,30.85,27.39,31.57,28.37,31.04,31.88,31.61,27.68,32.16,31.01,27.7,31.23,32.04,30.86,31.33,31.09,31.76,31.32,31.19,27.39,28.37,27.22,31.3,31.42,32.0,30.68,30.88,32.79,29.79,30.35,28.26,31.73,31.42,31.5,31.21,30.59,32.54,31.29,27.56,31.06,32.34,29.71,30.51,27.65,31.03,30.93,31.64
2012,7,4,3,27.98,29.47,26.43,29.81,30.33,31.46,30.09,30.68,30.17,29.46,28.43,29.54,30.23,31.47,28.09,28.0,30.68,27.07,27.01,27.93,27.95,30.33,27.99,28.18,29.42,30.87,30.63,31.6,30.58,28.31,29.32,27.69,27.7,28.28,30.61,29.82,26.77,30.27,27.65,29.76,30.5,30.54,26.99,30.94,29.86,27.1,30.05,30.75,30.0,29.93,29.85,30.7,30.01,30.21,26.86,27.5,26.69,30.05,30.13,31.06,29.61,29.6,31.75,28.86,29.23,27.53,30.82,30.56,30.29,30.2,29.51,31.47,30.12,26.99,29.97,31.49,28.68,29.48,27.05,29.87,30.06,30.53
2012,7,4,4,27.42,28.71,26.03,28.87,29.42,30.55,29.46,29.83,29.43,28.67,27.74,28.7,29.4,30.63,27.31,27.31,30.0,26.51,26.51,27.3,27.36,29.61,27.64,27.78,28.41,29.66,29.68,30.58,29.79,27.9,28.46,27.02,27.12,27.61,29.85,29.2,26.28,29.0,26.98,28.73,29.8,29.31,26.42,30.06,28.79,26.59,29.29,29.89,29.19,28.88,28.62,29.92,29.15,29.54,26.48,26.9,26.25,29.46,29.26,30.25,28.6,28.57,30.75,27.94,28.36,26.95,29.99,29.75,29.6,29.42,28.7,30.7,29.47,26.5,29.05,30.69,27.97,28.79,26.61,28.93,29.42,29.49
2012,7,4,5,26.94,28.09,25.67,27.81,28.39,29.87,28.84,29.06,28.6,28.05,27.18,27.88,28.55,30.0,26.71,26.7,29.36,26.03,26.08,26.7,26.65,28.99,27.28,27.42,27.61,28.43,29.11,29.75,28.93,27.53,27.62,26.46,26.63,26.93,28.48,28.57,25.93,28.04,26.46,27.71,28.91,28.53,26.0,29.08,27.9,26.2,28.53,29.03,28.62,27.93,27.7,28.91,28.3,29.01,26.18,26.27,25.88,28.64,28.61,29.69,27.73,27.69,29.92,27.18,27.55,26.47,29.47,29.21,29.02,28.47,28.07,30.09,28.65,26.1,28.33,30.04,27.21,28.22,26.24,28.12,28.94,28.61
2012,7,4,6,26.49,27.5,25.27,27.05,27.76,29.4,28.39,27.87,28.02,27.54,26.69,27.27,27.88,29.36,26.25,26.31,28.81,25.77,25.65,26.23,26.14,28.45,26.98,27.11,27.06,27.61,28.71,29.13,28.23,27.26,27.02,26.08,26.17,26.5,27.26,28.11,25.71,27.37,26.06,26.93,28.21,28.12,25.6,28.29,27.27,25.9,28.02,28.3,27.72,26.87,27.04,27.96,27.72,28.5,25.93,25.9,25.49,28.04,27.8,29.05,27.14,27.07,29.31,26.7,26.99,26.13,29.06,28.66,28.51,27.66,27.56,29.44,28.01,25.72,27.79,29.53,26.68,27.73,25.89,27.37,28.54,28.04
2012,7,4,7,26.02,26.45,24.52,26.35,26.75,28.63,27.36,27.24,26.79,26.4,26.04,25.93,26.64,28.5,25.35,25.34,28.05,25.0,25.03,25.52,25.18,27.53,26.89,27.02,26.11,27.28,28.27,28.4,27.29,26.67,25.75,25.23,25.59,25.45,25.88,27.35,24.91,26.05,25.22,25.88,27.05,27.82,24.82,26.62,26.42,25.18,27.15,27.21,26.8,25.6,25.77,25.99,26.33,27.87,25.23,25.12,24.59,26.89,26.69,28.17,26.0,25.86,28.58,25.58,25.75,25.71,28.48,27.95,27.75,26.44,26.85,28.55,26.78,24.96,27.05,28.74,25.52,26.62,25.38,25.76,27.78,27.35
2012,7,4,8,25.69,25.92,24.24,25.53,26.35,28.1,26.99,26.68,26.28,25.52,25.63,25.49,25.86,27.96,24.95,24.84,27.59,24.58,24.71,25.3,24.82,27.14,26.56,26.76,25.61,26.76,27.87,27.87,26.63,26.56,25.3,24.74,25.23,24.98,25.4,27.06,24.53,25.59,24.77,25.47,26.39,27.59,24.46,25.78,25.94,24.75,26.77,26.36,26.24,25.13,25.34,25.45,25.47,27.48,24.86,24.72,24.26,26.39,26.09,27.69,25.54,25.49,28.06,25.12,25.31,25.36,28.08,27.54,27.34,26.02,26.21,28.05,26.32,24.55,26.57,28.26,25.09,26.15,25.11,25.02,27.47,26.85
2012,7,4,9,25.47,25.6,24.02,25.06,26.07,27.68,26.73,26.16,25.86,24.8,25.32,25.18,25.17,27.57,24.6,24.53,27.3,24.35,24.47,25.16,24.57,26.68,26.24,26.49,25.18,26.29,27.43,27.36,26.09,26.51,24.98,24.39,24.97,24.69,25.04,26.84,24.32,25.24,24.41,25.1,26.04,27.22,24.16,25.29,25.47,24.45,26.5,25.65,25.6,24.8,24.99,25.06,24.85,27.14,24.57,24.47,23.98,26.2,25.72,27.31,25.1,25.1,27.54,24.71,24.95,25.12,27.67,27.1,27.05,25.72,25.9,27.7,26.02,24.24,26.16,27.78,24.8,25.4,24.94,24.65,27.11,26.4
2012,7,4,10,25.3,25.41,23.85,24.75,25.88,27.29,26.22,25.81,25.26,24.57,25.11,24.84,24.69,27.26,24.34,24.27,26.98,24.18,24.3,25.05,24.41,26.27,25.96,26.25,24.87,25.93,27.04,26.97,25.41,26.32,24.63,24.11,24.79,24.41,24.78,26.53,24.15,24.91,24.14,24.78,25.65,26.86,23.94,24.95,25.11,24.2,26.28,25.07,25.26,24.55,24.66,24.78,24.56,26.8,24.33,24.3,23.76,25.95,25.38,27.02,24.75,24.75,27.13,24.38,24.62,24.92,27.29,26.76,26.76,25.52,25.58,27.39,25.86,24.0,25.87,27.35,24.53,24.94,24.81,24.5,26.62,26.05
2012,7,4,11,25.15,25.3,23.75,24.53,25.81,26.89,25.67,25.51,24.78,24.45,24.95,24.54,24.54,26.92,24.14,24.05,26.81,24.05,24.2,24.8,24.27,25.88,25.74,25.92,24.64,25.64,26.69,26.71,25.07,26.17,24.36,23.91,24.67,24.2,24.64,26.21,24.02,24.67,23.94,24.6,25.17,26.44,23.8,24.8,24.88,24.0,26.17,24.77,24.97,24.4,24.44,24.71,24.57,26.53,24.14,24.13,23.61,25.51,25.08,26.68,24.52,24.56,26.84,24.13,24.38,24.73,26.88,26.38,26.6,25.44,25.33,27.11,25.72,23.81,25.67,26.99,24.3,24.7,24.68,24.45,26.16,25.8
2012,7,4,12,25.41,25.82,24.08,24.97,26.38,27.02,26.11,25.87,25.42,25.06,25.33,25.13,25.22,27.21,24.61,24.6,27.09,24.6,24.61,25.24,24.9,26.24,25.78,26.03,25.12,25.91,26.75,26.86,25.39,26.34,24.91,24.4,25.04,24.8,25.22,26.47,24.51,25.27,24.41,25.01,25.65,26.57,24.26,25.26,25.28,24.4,26.52,25.28,25.54,24.91,24.97,25.29,25.26,26.76,24.51,24.67,23.98,25.92,25.69,27.07,24.96,24.99,26.98,24.64,24.88,25.14,26.98,26.7,26.85,26.09,25.64,27.42,26.11,24.27,25.99,27.04,24.94,25.36,24.93,25.02,26.45,26.08
2012,7,4,13,26.92,28.5,25.76,27.02,28.86,28.52,27.98,27.74,27.93,27.14,27.26,27.23,27.7,28.81,26.85,26.94,29.17,27.0,26.63,27.76,27.42,27.63,27.12,27.34,27.26,27.81,28.4,28.19,28.3,27.6,27.09,26.76,26.96,27.15,27.44,28.44,26.77,27.38,26.77,27.17,28.43,28.38,26.46,27.87,27.35,26.85,28.79,28.15,27.51,27.15,27.18,27.69,27.58,28.61,26.3,27.24,25.89,28.38,28.41,28.94,27.16,27.16,28.34,27.02,27.11,27.08,28.58,28.28,28.91,28.79,28.17,29.22,28.64,26.39,27.69,28.41,27.2,27.41,26.33,27.15,27.95,27.77
2012,7,4,14,28.72,31.14,27.73,29.32,31.12,30.08,30.21,29.76,30.38,29.53,29.27,29.67,30.2,30.43,29.15,29.34,31.09,29.12,28.71,28.54,29.5,29.84,28.39,28.32,29.42,29.68,29.72,29.68,31.17,27.79,29.58,29.11,28.95,29.6,29.91,30.39,28.86,29.83,29.06,29.39,31.06,29.78,28.64,30.5,29.36,28.91,30.86,30.97,29.8,29.51,29.58,30.18,29.99,30.47,27.97,29.35,27.83,30.75,31.06,30.59,29.42,29.43,29.77,29.5,29.58,28.61,29.89,30.05,30.9,31.25,30.84,30.97,30.99,28.38,29.54,29.8,29.65,29.73,28.17,29.49,30.03,29.54
2012,7,4,15,30.6,33.37,29.89,31.44,33.48,31.85,32.8,31.72,32.92,31.78,31.31,32.14,32.67,32.24,31.35,31.66,33.24,31.18,30.71,29.54,31.12,32.13,29.86,29.53,31.63,31.62,31.3,31.56,33.54,28.47,32.02,31.43,30.91,31.95,32.27,32.85,31.01,32.22,31.32,31.69,33.55,31.39,30.74,33.01,31.54,31.1,33.31,33.42,31.93,31.81,31.95,32.62,32.38,32.66,30.05,31.21,30.06,33.36,33.4,32.48,31.69,31.77,31.55,31.83,31.97,30.2,31.48,32.04,33.17,33.55,33.08,32.8,33.47,30.51,31.65,31.48,32.01,32.07,30.2,31.73,32.53,31.55
2012,7,4,16,31.83,35.13,31.31,33.29,34.5,33.56,34.79,33.58,34.86,33.74,32.75,34.17,34.65,34.01,32.97,33.43,34.26,32.64,31.96,30.86,32.64,34.15,30.95,30.77,33.35,33.42,32.84,33.15,35.35,29.47,33.97,33.18,32.19,33.71,34.26,34.15,32.52,34.28,32.91,33.57,35.38,33.02,32.07,34.73,33.31,32.62,34.04,35.19,33.83,33.77,33.9,34.52,34.38,34.12,31.6,32.7,31.37,35.09,35.22,34.17,33.48,33.64,33.12,33.65,33.84,31.54,33.06,33.85,34.19,34.94,34.93,34.34,34.9,31.86,33.29,32.98,33.82,34.07,31.6,33.7,34.45,33.26
2012,7,4,17,33.33,36.3,32.86,35.05,35.8,34.87,36.24,35.15,36.21,35.44,34.12,35.83,36.11,35.21,34.35,34.97,35.63,34.14,33.49,32.32,34.13,35.65,31.98,31.68,34.7,34.94,34.13,34.44,36.61,30.55,35.59,34.6,33.66,35.29,35.81,35.58,34.01,35.89,34.26,35.28,36.62,34.3,33.44,36.15,34.8,34.0,35.48,36.54,35.54,35.41,35.53,36.02,35.92,35.44,32.92,34.24,32.77,36.39,36.39,35.35,34.98,35.26,34.42,35.13,35.44,32.89,34.31,35.15,35.53,36.12,36.14,35.47,36.16,33.14,34.61,34.33,35.41,35.66,33.14,35.32,35.87,34.69
2012,7,4,18,34.28,37.47,33.78,36.17,37.08,35.8,37.16,36.17,37.23,36.52,35.14,36.9,37.14,36.2,35.4,36.0,37.0,35.31,34.36,33.55,35.37,36.55,32.87,32.69,35.8,36.04,35.12,35.41,37.82,31.64,36.58,35.58,34.59,36.44,37.03,36.76,34.96,37.05,35.15,36.47,37.76,35.28,34.28,37.29,35.83,34.78,36.91,37.68,36.47,36.6,36.58,37.2,36.99,36.64,33.92,35.45,33.56,37.47,37.58,36.38,36.1,36.37,35.41,36.32,36.48,34.08,35.28,36.12,36.93,37.3,37.34,36.58,37.34,33.84,35.71,35.3,36.61,36.62,34.16,36.47,36.79,35.74
2012,7,4,19,34.74,37.58,33.71,36.44,37.23,35.91,37.46,36.76,37.07,37.01,35.34,36.44,36.99,36.06,35.29,36.06,36.87,34.82,34.33,29.17,32.41,37.15,31.78,30.24,35.74,36.36,35.38,35.67,37.42,28.7,36.34,35.56,34.76,36.36,36.58,36.82,34.83,36.5,35.1,36.24,37.47,35.55,34.17,36.89,35.75,34.81,36.93,37.09,37.17,36.38,36.22,36.93,37.17,36.56,33.18,33.97,33.39,37.36,37.64,36.25,35.67,35.97,35.65,35.9,36.22,31.12,35.39,36.29,36.71,37.43,37.48,36.35,37.35,33.81,35.9,35.48,36.22,37.1,34.52,36.59,37.17,35.91
2012,7,4,20,35.38,37.97,34.31,36.31,37.76,36.35,37.11,36.82,36.91,36.92,35.6,34.48,36.89,36.45,35.19,36.2,37.33,33.64,34.7,29.73,30.37,36.65,31.79,30.54,36.02,36.56,35.81,36.2,37.51,29.3,36.56,35.05,35.09,36.28,36.19,37.1,34.57,35.33,34.65,36.19,37.75,35.81,34.28,36.39,35.95,33.92,37.43,37.14,36.85,35.32,34.88,36.91,36.96,36.87,33.02,31.08,33.71,37.52,38.02,36.48,35.61,35.99,36.21,35.88,36.43,31.2,35.82,36.44,37.13,37.88,37.76,36.74,37.63,33.49,36.32,35.91,34.32,36.99,35.18,36.53,36.79,36.3
2012,7,4,21,35.4,34.93,34.48,35.28,35.17,36.56,33.13,35.85,34.0,34.59,36.0,31.35,35.37,36.64,34.35,32.36,37.58,31.48,34.84,30.51,30.9,34.24,31.26,30.86,36.15,35.27,36.16,36.39,36.8,29.96,33.77,33.1,35.31,32.16,35.21,36.86,31.92,31.64,34.07,34.21,35.67,36.06,34.42,35.67,35.84,32.64,37.2,35.93,33.69,32.92,33.0,35.57,34.52,36.87,31.6,30.91,33.68,35.19,33.69,36.73,35.62,35.69,36.37,34.35,34.75,31.21,36.0,36.4,37.48,31.92,37.02,37.1,34.65,33.1,36.61,36.11,31.32,32.52,35.19,34.34,35.27,36.26
2012,7,4,22,33.97,35.99,33.68,32.29,36.59,36.41,32.35,34.32,32.86,30.54,34.42,30.11,33.22,36.49,33.4,31.07,37.49,31.42,34.38,30.88,31.27,34.28,30.77,30.34,35.89,34.79,36.02,36.31,35.21,30.19,30.26,30.8,33.64,30.42,34.73,36.12,30.23,31.85,31.09,34.99,33.05,35.89,33.0,32.17,35.73,31.58,37.24,34.03,31.0,34.2,32.81,33.87,32.47,36.7,30.3,31.7,33.66,33.76,34.24,36.52,34.97,35.3,36.33,31.55,32.81,31.36,35.93,36.2,37.19,35.04,36.48,36.9,34.82,32.53,36.38,36.1,30.73,30.41,32.64,33.61,35.12,36.09
2012,7,4,23,30.98,34.96,30.47,30.49,36.25,35.75,32.85,32.39,32.13,29.44,32.23,29.97,32.32,36.16,31.67,30.92,37.02,29.6,30.87,30.6,30.9,33.35,28.45,29.22,33.18,34.31,35.83,35.69,32.17,29.75,28.7,29.85,31.75,30.25,32.53,35.05,29.58,31.16,28.4,32.82,32.78,35.24,29.84,32.44,33.97,28.71,36.52,31.06,30.27,32.42,30.8,33.53,31.99,35.94,29.09,30.37,29.86,33.62,33.7,36.38,32.56,31.96,35.95,30.68,29.66,29.89,35.65,35.84,36.61,35.08,34.32,36.65,34.6,28.08,33.44,35.75,30.58,30.76,30.64,31.37,34.79,35.05
2012,7,5,0,30.03,33.59,27.21,29.58,34.59,33.95,32.14,31.72,31.84,29.21,29.67,29.64,31.86,35.28,28.84,30.39,35.62,28.61,27.44,29.22,28.85,32.51,28.19,28.64,29.63,33.08,35.2,34.17,31.54,29.14,28.31,29.32,29.48,29.44,31.39,33.66,28.98,30.48,27.96,30.67,32.38,33.91,27.05,31.87,31.92,28.17,34.9,30.95,30.18,30.32,29.69,31.85,31.36,34.63,28.39,28.02,26.36,32.76,32.7,35.53,31.09,30.03,35.0,30.13,29.04,29.11,34.83,34.68,35.3,33.58,32.34,36.0,33.18,26.7,30.13,35.17,29.98,30.36,29.69,30.05,33.58,33.2
2012,7,5,1,29.14,31.77,26.49,28.92,32.65,32.92,30.75,30.47,30.58,28.49,27.55,28.8,30.7,33.81,26.89,29.25,33.96,28.2,26.42,28.31,28.06,31.0,27.69,28.0,28.16,30.72,32.71,31.54,30.43,28.32,28.02,28.26,27.51,28.8,30.41,32.14,28.3,29.5,27.06,29.88,31.0,32.4,25.87,30.81,30.67,27.55,33.03,30.1,29.19,29.63,28.88,30.84,30.19,33.14,27.79,27.68,25.76,31.34,31.17,34.16,29.82,29.29,32.25,29.0,28.51,28.27,33.25,33.02,33.58,31.85,30.96,34.67,31.7,26.27,28.26,33.2,28.97,29.33,28.9,29.31,31.89,30.81
2012,7,5,2,27.89,30.4,26.47,28.18,31.16,31.93,29.45,29.34,29.39,27.65,27.02,28.02,29.55,32.44,26.56,28.23,32.3,27.55,26.19,27.45,27.39,29.63,27.14,27.39,27.54,29.84,31.09,29.68,29.27,27.62,27.48,27.36,26.57,28.14,29.37,30.78,27.49,28.57,26.59,28.89,29.8,31.07,25.86,29.87,29.41,27.03,31.43,29.14,28.17,28.69,28.02,29.78,29.06,31.64,27.06,27.23,26.06,30.05,29.9,32.53,28.77,28.37,30.17,27.96,27.86,27.39,31.81,31.43,31.97,30.55,29.71,33.16,30.45,26.29,27.62,31.51,28.11,28.18,28.13,28.44,30.32,29.56
2012,7,5,3,27.45,29.39,26.14,27.67,30.1,31.14,28.49,28.66,28.45,27.12,26.72,27.42,28.58,31.4,26.16,27.51,31.28,27.07,25.9,26.79,26.79,28.74,26.76,27.0,27.04,29.11,30.08,28.83,28.51,27.2,27.05,26.74,26.28,27.55,28.49,29.73,26.95,27.81,26.15,28.14,28.89,30.24,25.57,28.99,28.54,26.54,30.36,28.42,27.55,27.9,27.34,28.93,28.21,30.55,26.49,26.78,25.81,29.05,28.96,31.31,27.97,27.69,29.19,27.23,27.36,26.83,30.87,30.29,30.96,29.53,28.82,32.05,29.43,25.95,27.23,30.48,27.46,27.41,27.48,27.81,29.23,28.69
2012,7,5,4,27.0,28.67,25.83,27.16,29.27,30.36,27.8,28.11,27.69,26.71,26.3,26.89,27.78,30.6,25.71,26.78,30.5,26.47,25.64,26.14,26.22,28.14,26.42,26.61,26.47,28.31,29.1,28.32,27.99,26.76,26.55,26.16,25.89,26.9,27.76,28.87,26.36,27.16,25.74,27.46,28.21,29.48,25.31,28.2,27.71,26.07,29.5,27.86,27.16,27.23,26.76,28.16,27.49,29.67,25.94,26.23,25.56,28.25,28.29,30.4,27.21,27.08,28.52,26.56,26.77,26.24,30.0,29.5,30.1,28.77,28.17,31.18,28.62,25.64,26.86,29.59,26.88,26.9,26.99,27.23,28.47,27.91
2012,7,5,5,26.75,28.09,25.46,26.72,28.56,29.67,27.32,27.66,27.14,26.4,26.01,26.38,27.19,29.98,25.35,26.25,29.77,26.03,25.38,25.68,25.77,27.74,26.18,26.33,26.04,27.65,28.36,27.84,27.58,26.45,26.07,25.72,25.69,26.41,27.12,28.23,25.92,26.61,25.38,26.9,27.63,28.8,24.97,27.59,27.05,25.65,28.8,27.35,26.88,26.65,26.25,27.55,26.99,28.97,25.49,25.83,25.15,27.61,27.74,29.7,26.59,26.56,27.98,26.04,26.27,25.81,29.23,28.91,29.36,28.11,27.69,30.39,27.96,25.23,26.53,28.9,26.37,26.59,26.59,26.72,27.94,27.31
2012,7,5,6,26.5,27.53,25.15,26.22,27.95,29.09,27.0,27.17,26.77,26.03,25.78,26.04,26.8,29.44,25.05,25.79,29.11,25.6,25.13,25.3,25.41,27.37,25.92,26.03,25.64,27.07,27.82,27.45,27.04,26.15,25.77,25.31,25.5,26.02,26.63,27.73,25.48,26.23,25.04,26.4,27.12,28.21,24.69,27.11,26.47,25.24,28.21,26.88,26.5,26.19,25.9,27.05,26.61,28.43,25.06,25.45,24.82,27.15,27.24,29.12,26.06,26.12,27.55,25.58,25.86,25.42,28.63,28.4,28.73,27.53,27.24,29.7,27.43,24.86,26.27,28.37,25.99,26.3,26.27,26.27,27.56,26.81
2012,7,5,7,24.82,27.03,23.69,25.12,27.22,28.05,26.55,26.08,26.33,25.28,23.91,24.42,26.33,28.49,23.65,24.13,28.17,24.48,23.63,24.55,24.4,26.66,25.68,25.72,24.1,25.78,26.52,25.85,26.89,25.7,24.12,23.76,23.87,24.41,25.42,27.2,24.3,24.76,23.61,25.07,26.79,27.07,23.37,26.61,25.04,24.04,27.41,26.7,25.67,24.98,24.45,26.17,25.97,27.7,24.52,24.51,23.56,26.68,26.85,28.2,24.61,24.64,26.03,24.06,24.22,24.8,27.53,27.48,27.89,26.95,26.88,28.8,26.91,23.72,24.4,27.2,24.53,25.68,24.66,25.36,27.02,25.32
2012,7,5,8,24.81,26.62,23.64,24.57,26.85,27.59,26.09,25.53,25.88,24.77,23.91,24.13,25.82,27.99,23.55,23.97,27.75,24.22,23.58,24.36,24.09,26.13,25.38,25.49,23.94,25.32,26.15,25.7,26.46,25.52,23.89,23.66,23.86,24.21,24.99,26.78,24.1,24.42,23.52,24.56,26.37,26.59,23.29,26.04,24.66,23.88,27.02,26.18,25.11,24.49,24.1,25.67,25.48,27.24,24.26,24.22,23.46,26.28,26.47,27.67,24.32,24.29,25.8,23.9,24.02,24.55,27.09,26.95,27.48,26.61,26.44,28.33,26.54,23.57,24.39,26.86,24.25,25.2,24.66,24.87,26.54,25.03
2012,7,5,9,24.84,26.4,23.62,24.28,26.53,27.25,25.72,25.2,25.54,24.46,23.95,23.96,25.45,27.59,23.47,23.82,27.37,24.02,23.6,24.25,23.9,25.74,25.12,25.26,23.83,25.03,25.88,25.61,26.12,25.23,23.75,23.54,23.91,24.03,24.68,26.41,23.92,24.18,23.43,24.29,26.04,26.23,23.25,25.6,24.4,23.72,26.67,25.74,24.79,24.21,23.9,25.29,25.14,26.83,24.06,24.02,23.39,25.96,26.23,27.25,24.1,24.07,25.65,23.75,23.88,24.39,26.76,26.55,27.1,26.33,26.26,27.92,26.23,23.45,24.4,26.61,24.05,24.87,24.69,24.55,26.12,24.83
2012,7,5,10,24.87,26.09,23.63,24.05,26.22,26.98,25.45,24.94,25.26,24.26,24.01,23.83,25.13,27.29,23.4,23.67,27.03,23.83,23.64,24.11,23.8,25.46,24.84,24.81,23.72,24.8,25.71,25.58,25.75,24.93,23.64,23.39,23.99,23.88,24.48,26.13,23.74,24.03,23.32,24.08,25.73,25.97,23.21,25.3,24.2,23.54,26.35,25.35,24.55,24.04,23.77,25.05,24.88,26.52,23.83,23.87,23.32,25.7,25.91,26.93,23.92,23.91,25.59,23.61,23.75,24.17,26.5,26.25,26.79,26.02,25.95,27.61,25.95,23.31,24.43,26.42,23.92,24.64,24.7,24.33,25.82,24.7
2012,7,5,11,24.82,25.65,23.56,23.84,25.91,26.71,25.19,24.73,24.96,24.0,24.06,23.69,24.78,26.99,23.34,23.51,26.68,23.66,23.62,23.88,23.68,25.22,24.66,24.57,23.64,24.63,25.58,25.55,25.21,24.65,23.51,23.24,24.02,23.71,24.28,25.86,23.57,23.88,23.2,23.89,25.36,25.76,23.14,24.89,24.04,23.36,26.04,24.88,24.34,23.84,23.63,24.74,24.56,26.24,23.62,23.7,23.2,25.4,25.52,26.63,23.77,23.77,25.54,23.47,23.62,23.92,26.29,26.0,26.48,25.75,25.51,27.27,25.67,23.18,24.46,26.26,23.77,24.4,24.62,24.04,25.57,24.6
2012,7,5,12,25.04,25.92,23.8,24.29,26.38,27.02,25.26,25.21,25.07,24.42,24.41,24.35,25.16,27.3,23.78,23.97,27.07,24.1,23.96,24.28,24.3,25.62,25.07,24.89,24.19,25.15,26.01,25.94,24.79,24.89,24.11,23.6,24.35,24.23,24.87,26.05,23.95,24.51,23.55,24.43,25.06,26.19,23.5,25.43,24.64,23.68,26.45,25.13,24.76,24.38,24.25,25.33,25.04,26.59,24.09,24.17,23.5,25.32,25.22,27.05,24.34,24.37,25.97,23.95,24.18,24.35,26.67,26.44,26.84,26.14,24.91,27.57,25.79,23.49,24.89,26.62,24.47,24.69,24.76,24.53,25.85,25.11
2012,7,5,13,26.03,27.88,25.22,25.53,28.32,28.48,25.84,26.51,25.74,25.42,25.68,26.12,25.81,28.77,25.32,25.37,29.02,25.95,25.33,26.61,26.61,26.67,26.55,26.6,25.9,26.73,27.5,27.39,26.24,26.62,25.88,24.93,25.65,25.91,26.39,26.99,25.59,26.21,24.98,25.84,26.68,27.65,24.96,26.45,26.37,25.44,28.36,25.98,25.69,25.8,25.98,26.56,25.97,28.0,26.34,26.33,25.1,26.43,27.14,28.6,26.16,26.02,27.49,25.52,25.81,26.21,28.1,27.87,28.65,28.08,26.76,29.13,27.36,25.16,26.24,28.08,26.34,25.46,25.66,25.75,26.66,26.8
2012,7,5,14,27.45,29.98,26.66,26.73,29.63,30.19,27.26,27.61,27.34,26.67,27.31,28.39,26.96,30.47,27.28,27.27,30.5,27.75,26.83,28.42,28.49,27.51,27.5,27.68,27.88,27.72,28.89,28.99,28.34,28.09,28.08,26.77,27.14,27.84,28.15,28.31,27.44,28.46,26.84,27.08,28.62,28.82,26.64,27.23,27.98,27.21,29.46,27.37,27.06,27.41,28.06,27.64,26.96,29.0,27.78,28.1,26.64,28.25,29.38,29.99,28.17,27.81,29.14,27.79,28.01,27.94,29.65,28.96,29.94,29.72,29.39,30.82,29.04,26.8,27.96,29.7,28.38,26.55,27.12,27.0,27.58,28.48
2012,7,5,15,29.35,32.07,28.6,28.56,32.02,31.81,29.95,29.47,29.83,28.68,29.3,30.3,29.29,32.07,29.41,29.6,32.62,29.65,28.91,30.01,30.15,30.08,28.93,29.03,29.85,29.2,30.01,30.84,31.13,29.38,30.03,29.16,29.14,29.97,29.93,30.89,29.4,30.36,29.12,28.55,31.16,30.09,28.82,29.45,29.45,29.32,31.83,30.1,29.14,29.05,29.81,29.51,29.1,31.37,29.48,29.87,28.6,30.84,31.63,31.76,29.84,29.27,30.81,29.95,29.95,29.58,30.88,30.94,32.12,32.03,31.42,32.64,31.56,28.87,29.99,31.29,30.18,28.97,29.1,28.74,30.51,29.97
2012,7,5,16,30.98,34.04,30.47,30.42,34.17,33.23,32.21,31.4,31.84,31.0,30.65,31.81,31.36,33.65,30.51,31.31,34.63,31.37,30.44,31.44,31.71,32.25,30.13,30.36,30.84,30.34,30.53,32.04,33.18,30.55,31.33,31.05,30.61,31.5,31.89,33.21,31.15,32.07,30.71,30.5,33.05,31.29,30.14,31.53,30.6,31.03,34.1,32.14,31.53,31.27,31.5,31.59,31.25,33.54,30.98,31.49,30.26,32.84,33.62,33.52,30.8,30.8,31.5,31.16,31.1,31.25,31.92,32.73,34.24,34.0,33.47,34.32,33.57,30.45,31.12,32.51,31.75,31.28,31.02,31.01,32.87,30.23
2012,7,5,17,32.41,35.29,32.02,31.71,35.68,34.45,33.81,32.82,33.69,32.22,31.57,33.27,33.36,34.93,31.61,32.63,36.22,32.83,32.03,32.64,32.96,33.62,31.44,31.68,31.14,31.89,31.81,32.36,34.49,31.67,32.82,32.27,31.92,33.01,33.26,34.76,32.54,33.44,32.06,31.89,34.52,32.8,31.64,33.46,31.42,32.4,35.76,33.88,32.72,32.47,32.87,33.31,33.04,35.04,32.37,32.88,31.71,34.38,34.83,34.82,31.41,31.9,31.99,32.12,32.34,32.66,33.21,34.09,35.87,35.32,34.66,35.68,34.94,31.86,31.47,33.33,33.11,32.81,32.58,32.28,34.29,31.21
2012,7,5,18,33.55,36.12,33.26,32.35,36.72,35.22,34.62,33.36,34.68,32.68,32.9,34.66,34.3,35.65,32.77,34.1,37.29,34.04,33.2,33.9,34.2,34.24,32.55,32.76,32.74,33.09,33.19,33.41,35.48,32.68,34.16,33.73,33.07,34.35,34.28,35.73,33.83,34.7,33.34,32.89,35.46,33.6,32.77,34.46,32.72,33.73,36.92,35.01,33.18,33.42,34.07,34.15,33.66,35.9,33.66,34.07,32.96,35.37,35.62,35.53,33.01,33.26,33.18,33.49,33.73,33.92,33.99,34.75,36.93,36.2,35.63,36.49,35.84,33.11,32.96,34.06,34.54,33.42,33.83,32.87,35.07,32.95
2012,7,5,19,33.89,37.16,33.53,34.55,37.56,35.83,35.64,34.79,35.43,34.29,33.82,34.21,34.62,36.26,33.18,34.58,37.79,35.09,33.59,34.83,34.95,35.22,33.16,33.43,33.67,34.69,34.1,34.84,36.43,33.42,34.56,34.4,33.65,34.73,34.21,36.78,34.99,34.33,33.87,34.99,36.42,34.11,33.1,34.26,34.43,34.83,37.69,35.49,34.73,34.64,34.81,33.97,34.29,36.68,34.59,34.97,33.42,36.44,36.64,36.13,33.83,34.76,34.6,33.64,34.39,34.84,34.52,35.35,37.59,37.11,36.75,36.97,36.9,34.02,34.32,34.97,34.82,34.5,34.25,34.14,36.05,34.44
2012,7,5,20,34.52,37.79,33.96,35.02,37.66,36.29,35.7,35.06,35.59,34.49,34.53,34.21,34.74,36.66,33.59,34.48,37.68,35.41,34.19,35.22,35.17,35.41,33.07,32.8,34.05,35.03,34.33,35.2,36.97,32.93,34.3,34.58,34.4,34.44,34.73,36.64,35.32,34.67,34.13,35.69,36.95,34.24,33.5,34.44,34.98,35.18,37.4,35.8,34.99,35.25,35.2,34.22,34.45,36.64,34.79,35.32,33.69,36.65,37.41,36.38,34.31,35.31,35.01,33.75,34.24,35.11,34.68,35.5,37.35,37.68,37.34,37.3,37.25,34.25,34.85,35.4,34.81,34.62,34.78,34.51,36.08,34.78
2012,7,5,21,34.47,37.64,34.17,35.25,37.5,36.18,35.95,35.24,35.64,34.64,34.36,33.95,34.86,36.71,33.22,31.15,37.73,34.05,34.35,34.13,31.99,35.58,30.75,32.34,32.93,35.01,34.3,35.01,37.07,31.41,33.5,31.65,34.39,31.79,34.91,36.68,34.49,34.87,32.62,35.9,37.03,34.05,33.52,34.47,34.77,34.61,37.31,35.92,35.18,35.57,35.07,34.23,34.47,36.64,33.31,34.23,33.78,36.8,37.29,36.49,34.19,35.1,34.87,32.88,33.58,34.62,34.45,35.47,37.39,37.48,37.13,37.43,37.28,34.13,34.05,35.22,32.19,34.76,34.7,34.56,36.21,34.39
2012,7,5,22,34.43,36.72,34.31,33.92,35.05,35.84,35.63,34.63,35.42,34.37,33.72,33.79,34.84,36.48,32.92,31.42,37.46,32.1,33.27,29.67,30.89,35.17,30.59,29.98,32.19,34.37,33.9,34.03,36.54,29.71,33.22,30.56,33.27,32.29,34.45,36.12,32.28,34.64,31.88,35.02,36.65,33.93,33.09,34.56,34.06,32.21,35.95,35.53,34.78,35.15,34.59,34.16,34.48,36.39,30.98,32.22,34.05,36.34,36.59,36.22,33.87,34.8,34.38,32.72,33.24,30.05,34.4,35.29,37.04,35.03,36.4,37.13,35.5,33.35,32.33,34.93,32.44,34.6,35.01,34.25,35.82,33.81
2012,7,5,23,32.66,34.18,32.83,31.9,34.02,34.65,34.03,33.54,34.3,33.9,31.07,32.33,34.57,35.54,31.64,31.57,36.11,30.59,31.28,28.97,30.49,33.88,30.56,29.4,31.71,32.76,33.87,33.19,35.26,29.07,32.56,30.46,31.25,32.16,33.2,33.54,29.56,32.38,29.79,31.3,34.64,33.53,30.36,34.19,30.33,28.77,33.69,34.32,33.82,32.3,30.01,34.0,34.3,35.53,29.57,31.01,32.03,33.49,32.97,35.65,31.71,31.69,33.64,31.58,32.3,28.57,34.08,34.69,35.95,33.01,34.01,36.59,31.71,29.87,30.87,34.54,31.82,33.92,33.26,33.69,34.77,31.07
2012,7,6,0,30.67,32.25,29.44,31.39,33.02,33.62,33.24,33.01,32.36,33.28,29.72,29.35,33.75,34.88,29.58,30.89,35.29,29.81,29.71,28.59,30.08,33.45,29.34,29.04,30.97,32.27,33.41,32.32,32.6,28.7,31.42,29.97,30.25,31.49,32.11,32.15,28.97,29.21,29.37,29.62,31.63,33.23,28.28,33.3,30.02,28.46,33.07,32.35,33.22,31.39,29.76,33.39,33.6,34.08,28.42,29.97,28.02,31.36,32.22,34.97,30.75,29.61,33.01,31.2,31.37,28.33,33.78,34.03,34.53,32.56,31.71,35.65,31.44,27.92,30.19,33.61,30.83,33.2,30.18,32.88,33.79,31.35
2012,7,6,1,29.0,31.56,28.03,30.0,31.8,32.84,31.98,31.58,31.36,31.47,29.09,28.17,32.38,33.76,28.81,29.71,33.7,28.8,28.9,27.94,28.88,31.89,28.74,28.59,30.07,31.05,32.52,31.53,31.7,28.25,29.83,28.9,29.28,30.26,30.73,31.32,28.33,28.4,28.48,29.03,31.01,32.48,27.78,32.28,29.57,27.93,31.89,31.55,31.5,29.9,28.87,32.1,31.95,32.61,27.9,28.95,27.49,30.73,31.32,33.7,29.88,28.67,32.15,30.06,29.93,27.94,32.94,32.71,33.04,31.42,31.22,34.57,30.79,27.52,29.62,32.91,29.91,31.66,28.84,30.92,32.17,30.61
2012,7,6,2,27.65,30.47,27.35,28.67,30.46,31.96,30.72,30.31,30.51,29.96,28.28,27.85,31.23,32.63,27.95,28.46,32.27,27.81,27.63,27.2,27.83,30.63,28.16,28.17,29.05,29.75,31.38,30.63,30.49,27.76,28.83,27.79,27.79,29.01,29.35,30.36,27.46,27.86,27.53,28.07,30.18,31.43,27.11,31.21,28.69,27.22,30.55,30.74,29.99,28.67,28.01,30.59,30.77,31.41,27.3,27.89,26.89,29.92,30.15,32.49,29.03,28.0,31.16,28.82,28.95,27.36,31.96,31.52,31.69,30.18,30.11,33.44,29.79,26.91,28.83,31.95,28.76,30.24,28.23,29.56,30.83,29.61
2012,7,6,3,27.12,29.55,26.55,27.82,29.57,31.2,29.87,29.44,29.89,28.81,27.6,27.34,30.4,31.72,27.26,27.67,31.4,27.1,26.94,26.69,27.12,29.86,27.59,27.71,28.25,28.9,30.47,29.83,29.68,27.47,28.11,27.03,27.11,28.2,28.46,29.69,26.76,27.32,26.84,27.44,29.45,30.57,26.51,30.35,28.14,26.57,29.85,30.13,29.12,27.88,27.35,29.56,29.84,30.66,26.69,27.18,26.22,29.24,29.28,31.56,28.39,27.46,30.33,28.02,28.15,26.83,31.09,30.73,30.89,29.24,29.32,32.37,28.98,26.25,28.14,31.09,28.07,29.35,27.62,28.57,29.99,28.91
2012,7,6,4,26.87,28.81,26.01,27.25,28.94,30.6,29.19,28.73,29.24,27.98,27.14,26.88,29.68,31.07,26.66,26.98,30.76,26.53,26.35,26.31,26.63,29.29,27.36,27.39,27.48,28.31,29.8,29.17,29.0,27.21,27.63,26.4,26.63,27.55,27.82,29.17,26.22,26.85,26.24,27.1,28.89,29.91,25.98,29.63,27.7,26.07,29.32,29.51,28.39,27.42,26.91,28.8,28.99,30.04,26.32,26.63,25.68,28.75,28.62,30.87,27.68,27.13,29.61,27.24,27.64,26.45,30.45,30.14,30.28,28.58,28.63,31.54,28.49,25.76,27.65,30.37,27.5,28.64,27.13,27.84,29.4,28.37
2012,7,6,5,26.58,28.24,25.6,26.66,28.52,29.94,28.53,27.93,28.5,27.2,26.69,26.45,28.53,30.44,26.15,26.39,30.2,26.07,25.87,25.99,26.14,28.59,27.03,27.11,26.9,27.69,29.13,28.63,28.42,26.97,27.03,25.93,26.18,26.88,27.28,28.7,25.82,26.45,25.78,26.64,28.41,29.25,25.54,28.58,27.2,25.67,28.93,28.66,27.54,26.82,26.46,28.11,28.05,29.5,25.99,26.13,25.3,28.29,28.1,30.25,27.09,26.68,28.99,26.62,27.01,26.11,29.8,29.55,29.74,28.11,28.1,30.84,28.07,25.37,27.23,29.68,26.85,27.71,26.75,27.21,28.86,27.83
2012,7,6,6,26.4,27.91,25.33,26.38,28.27,29.44,28.08,27.63,27.91,26.79,26.29,26.15,27.78,29.94,25.7,25.89,29.72,25.66,25.53,25.76,25.79,28.21,26.73,26.83,26.38,27.38,28.64,28.14,27.93,26.76,26.35,25.53,25.85,26.27,26.9,28.37,25.47,26.18,25.39,26.28,28.0,28.86,25.17,27.83,26.77,25.28,28.59,27.92,27.24,26.4,26.03,27.53,27.42,29.11,25.68,25.71,25.0,27.93,27.76,29.8,26.58,26.28,28.45,26.08,26.38,25.81,29.32,29.13,29.31,27.88,27.68,30.31,27.83,25.04,26.82,29.12,26.36,27.26,26.45,26.78,28.48,27.38
2012,7,6,7,26.23,26.64,25.13,26.16,27.65,28.63,27.48,27.04,26.73,26.42,26.0,26.05,26.31,29.06,25.32,25.59,29.06,25.46,25.32,25.52,25.62,27.5,26.28,26.32,25.73,26.86,27.97,27.68,26.03,26.34,25.99,25.26,25.72,25.95,26.14,27.73,25.26,26.03,25.17,25.91,26.59,28.08,24.99,25.77,26.06,25.19,28.0,26.11,26.84,26.13,25.93,26.2,26.24,28.3,25.31,25.52,24.95,26.98,26.25,28.86,25.88,25.82,27.89,25.59,25.86,25.44,28.52,28.19,28.57,27.02,25.9,29.54,26.98,25.0,26.43,28.45,26.03,26.79,25.94,26.21,27.71,26.7
2012,7,6,8,25.98,26.4,24.93,25.84,27.37,28.29,27.07,26.88,26.57,26.09,25.8,25.63,26.26,28.72,25.09,25.27,28.75,25.19,25.11,25.2,25.31,27.21,26.04,26.06,25.46,26.66,27.66,27.38,25.82,26.1,25.65,24.97,25.51,25.62,25.57,27.43,25.0,25.48,24.93,25.63,26.42,27.84,24.79,25.64,25.74,24.96,27.72,25.93,26.51,25.59,25.49,25.98,26.24,28.02,25.08,25.23,24.76,26.8,26.05,28.56,25.57,25.53,27.55,25.27,25.53,25.19,28.24,27.94,28.3,26.79,25.67,29.16,26.77,24.8,26.21,28.1,25.76,26.38,25.71,25.87,27.39,26.4
2012,7,6,9,25.75,26.27,24.76,25.45,27.19,28.03,26.9,26.56,26.47,25.9,25.58,25.48,26.16,28.38,24.86,25.05,28.4,24.97,24.91,24.92,25.11,26.99,25.8,25.79,25.23,26.34,27.41,27.12,25.64,25.79,25.42,24.74,25.3,25.44,25.19,27.24,24.77,25.19,24.7,25.37,26.27,27.58,24.57,25.52,25.56,24.73,27.46,25.74,26.26,25.15,25.19,25.82,26.15,27.75,24.83,25.01,24.57,26.69,25.91,28.21,25.4,25.37,27.28,25.05,25.36,24.91,27.99,27.68,27.99,26.68,25.5,28.77,26.66,24.59,26.0,27.83,25.58,26.25,25.5,25.62,27.2,26.2
2012,7,6,10,25.54,26.04,24.59,25.21,26.9,27.73,26.65,26.25,26.26,25.69,25.35,25.22,26.02,28.03,24.62,24.86,28.06,24.76,24.71,24.71,24.93,26.72,25.57,25.52,25.0,25.99,27.01,26.89,25.42,25.57,25.29,24.53,25.09,25.29,24.88,26.99,24.56,24.76,24.47,25.07,26.08,27.19,24.35,25.48,25.16,24.52,27.18,25.57,26.01,24.89,25.0,25.69,26.02,27.47,24.59,24.82,24.39,26.46,25.72,27.89,25.18,25.27,27.02,24.84,25.25,24.68,27.66,27.39,27.71,26.43,25.28,28.37,26.45,24.38,25.79,27.53,25.42,26.04,25.31,25.42,26.94,25.95
2012,7,6,11,25.35,25.94,24.42,25.02,26.7,27.36,26.4,26.03,26.04,25.47,25.16,24.64,25.87,27.6,24.48,24.75,27.68,24.69,24.51,24.57,24.82,26.46,25.38,25.31,24.91,25.84,26.81,26.71,25.24,25.37,25.04,24.42,24.87,25.14,24.58,26.74,24.48,24.12,24.35,24.9,25.88,26.94,24.2,25.47,25.2,24.4,26.91,25.44,25.77,24.7,24.79,25.57,25.85,27.16,24.43,24.74,24.25,26.23,25.59,27.48,25.1,25.12,26.84,24.73,25.06,24.52,27.34,27.06,27.37,26.3,25.14,27.91,26.26,24.24,25.68,27.26,25.24,25.82,25.14,25.26,26.67,25.86
2012,7,6,12,25.54,26.48,24.7,25.34,27.19,27.53,26.81,26.39,26.55,25.9,25.37,24.7,26.23,27.85,24.76,25.07,28.03,25.08,24.79,24.86,25.15,26.85,25.57,25.56,25.25,26.17,27.1,26.82,25.54,25.62,25.14,24.73,25.1,25.44,24.97,27.09,24.85,24.44,24.62,25.16,26.31,27.23,24.49,25.68,25.59,24.66,27.33,25.84,26.2,24.98,24.99,25.97,26.25,27.45,24.7,25.1,24.55,26.7,25.9,27.82,25.37,25.33,27.01,25.05,25.31,24.82,27.6,27.38,27.7,26.79,25.6,28.19,26.68,24.55,25.86,27.42,25.43,26.25,25.33,25.62,27.04,26.12
2012,7,6,13,27.13,28.39,26.64,26.74,29.15,29.14,28.39,28.19,28.26,27.58,27.1,26.07,27.81,29.3,26.72,27.01,29.79,26.95,26.77,26.78,26.84,28.65,26.94,26.93,27.27,27.9,28.72,28.41,27.23,27.01,26.75,26.78,26.94,27.22,26.39,28.7,26.79,25.76,26.75,26.31,28.13,28.81,26.48,27.15,27.41,26.88,29.18,27.78,28.08,26.15,26.34,27.26,27.8,29.1,26.63,27.01,26.58,28.41,27.5,29.38,27.26,26.98,28.61,27.06,27.16,26.6,29.09,29.01,29.42,28.73,27.22,29.7,28.48,26.64,27.6,29.01,26.91,27.96,26.91,27.03,28.78,27.91
2012,7,6,14,28.98,30.9,28.67,28.98,31.46,30.62,30.78,30.26,30.55,29.87,29.14,27.88,30.25,31.04,28.62,28.86,31.9,28.59,28.83,28.43,28.75,30.76,28.63,28.58,29.12,29.86,30.04,29.99,29.71,28.29,28.98,28.6,29.0,29.15,28.7,30.95,28.52,27.88,28.64,28.59,30.56,30.29,28.46,29.59,29.37,28.79,31.49,30.3,30.35,28.32,28.87,29.65,30.22,31.2,28.58,28.68,28.63,30.72,29.91,31.18,29.12,29.23,30.05,28.86,29.34,28.45,30.42,30.83,31.62,31.11,29.7,31.54,30.84,28.68,29.49,30.12,28.92,30.28,28.82,29.2,31.03,29.64
2012,7,6,15,30.92,33.3,30.6,31.43,33.72,32.41,33.08,32.34,32.9,32.29,30.87,28.9,32.67,32.82,30.57,30.59,34.0,30.93,30.75,30.57,30.9,32.8,30.3,30.34,30.95,31.88,31.64,31.51,32.66,30.09,29.77,30.74,30.87,30.61,31.24,33.13,30.81,30.08,30.69,31.05,32.98,31.94,30.33,32.13,31.33,30.83,33.77,32.8,32.61,31.01,30.71,32.14,32.65,33.22,30.66,30.96,30.49,33.02,32.69,32.97,30.93,30.89,31.61,30.73,29.95,30.69,32.02,32.65,33.77,33.41,32.47,33.38,33.12,30.56,31.08,31.84,30.06,32.62,30.78,31.76,33.15,31.42
2012,7,6,16,32.54,35.01,32.06,33.28,35.69,33.93,34.97,34.03,34.95,34.04,32.48,29.2,34.76,34.27,32.08,30.75,35.9,31.91,32.19,31.61,31.38,34.52,31.54,31.62,32.66,33.61,33.22,33.34,34.98,31.21,29.48,31.41,32.39,30.34,32.36,35.05,31.77,30.57,31.78,32.65,35.21,33.39,31.57,34.24,32.96,31.85,35.73,34.94,34.29,32.36,31.12,33.79,34.56,34.95,32.08,31.81,31.67,35.15,34.77,34.49,31.7,31.28,33.4,31.64,29.92,32.11,33.45,34.18,35.67,35.4,34.4,35.02,35.3,31.64,32.89,33.51,29.86,34.41,32.33,33.4,34.94,33.22
2012,7,6,17,33.89,36.46,33.47,34.56,36.61,35.41,36.45,35.53,36.2,35.26,33.91,30.41,35.93,35.89,33.01,31.26,37.15,32.13,33.64,31.96,32.06,36.15,32.71,32.53,33.36,34.83,34.34,34.58,36.64,31.3,30.76,31.81,33.85,30.97,32.65,36.46,32.15,31.18,32.53,33.63,36.41,34.79,32.76,35.31,33.53,32.73,36.87,36.27,35.79,33.01,31.78,34.31,35.67,36.52,33.37,32.11,33.07,36.38,36.34,36.08,32.23,32.3,34.52,31.93,31.33,32.9,34.8,35.81,37.12,36.32,36.51,36.55,36.36,33.0,34.14,34.7,31.06,35.8,33.75,34.29,36.6,34.09
2012,7,6,18,34.97,37.39,34.15,35.52,37.52,36.42,37.64,36.55,37.37,36.38,34.97,31.35,37.13,36.81,34.16,32.29,37.95,32.84,34.5,32.14,32.33,37.22,33.03,32.85,34.37,35.71,35.16,35.6,37.48,31.89,31.29,32.76,34.88,32.06,33.42,37.69,32.87,32.04,33.38,34.4,37.32,35.66,33.59,36.74,34.27,33.34,37.86,37.41,36.93,33.89,32.4,35.5,36.84,37.57,33.83,32.76,33.69,37.43,37.18,36.97,33.23,32.96,35.46,33.22,32.1,33.32,35.68,36.76,38.08,37.16,37.38,37.32,37.31,33.59,35.16,35.69,32.09,36.98,34.77,35.27,37.69,34.94
2012,7,6,19,33.51,38.3,30.15,34.37,38.28,36.0,37.56,34.93,37.68,36.41,34.45,31.47,37.6,36.73,33.54,29.94,38.63,27.39,32.15,27.98,28.79,36.57,28.07,27.29,34.0,33.51,33.4,34.93,38.2,27.49,31.47,30.23,33.75,29.74,34.92,37.71,27.5,33.17,30.96,33.27,38.11,33.69,31.18,37.56,33.49,28.4,38.33,37.94,36.28,33.92,32.75,36.76,37.26,37.7,27.54,27.75,28.33,37.82,38.07,36.92,33.2,32.53,34.18,32.75,31.82,27.1,34.18,36.01,38.44,38.14,38.05,37.65,37.96,28.18,34.73,34.78,30.16,36.93,32.5,35.6,37.46,33.82
2012,7,6,20,33.25,38.87,28.44,34.75,39.04,35.98,38.11,35.06,38.29,36.78,34.71,32.82,38.2,36.87,33.02,31.09,39.27,27.91,30.83,28.01,30.31,36.76,26.33,25.95,34.12,33.82,33.57,34.75,38.95,26.68,32.88,30.66,33.61,31.39,35.51,38.25,27.8,33.93,30.6,34.08,38.84,33.69,29.61,38.28,33.89,28.5,39.06,38.72,36.64,34.61,33.77,37.43,37.86,38.11,26.67,28.57,27.9,38.51,38.74,37.08,33.7,33.63,34.15,33.1,32.91,26.2,34.18,35.93,39.02,38.87,38.54,38.03,38.67,28.07,34.75,34.48,31.77,37.47,30.46,36.16,37.85,33.85
2012,7,6,21,29.52,38.8,27.42,32.81,38.82,35.8,37.91,34.41,38.26,33.33,33.76,33.31,38.29,37.08,33.3,32.34,39.32,29.59,28.65,28.65,31.08,36.38,25.35,25.52,34.53,33.83,34.13,34.86,39.09,27.28,33.4,31.52,30.5,32.43,35.97,38.12,29.54,34.39,31.11,33.84,38.9,34.23,29.55,38.45,34.0,29.36,38.86,38.84,34.86,34.6,33.99,37.84,37.38,38.08,26.36,30.16,27.78,38.44,38.81,37.27,34.15,33.77,34.55,33.77,33.48,26.84,34.49,35.83,38.99,38.75,38.62,38.41,38.65,28.33,34.77,34.54,32.68,36.55,27.79,35.25,37.54,34.15
2012,7,6,22,28.73,38.32,27.53,32.33,36.39,35.16,37.78,33.1,38.19,33.13,32.88,33.14,37.94,37.1,33.12,32.55,37.57,30.19,28.97,28.91,31.2,35.09,25.26,25.82,34.4,33.82,34.36,34.92,38.61,27.66,33.33,31.84,30.49,32.65,34.52,37.77,29.83,33.8,31.27,32.11,38.86,34.24,30.03,37.8,33.79,30.01,36.68,38.6,32.57,31.5,33.19,35.44,36.7,35.3,26.67,30.28,28.12,38.35,38.33,36.38,34.02,33.26,34.67,33.89,33.51,27.16,34.83,35.25,36.18,38.04,37.39,37.88,38.27,28.71,34.67,34.68,32.79,34.63,26.95,32.74,36.85,34.25
2012,7,6,23,28.42,34.89,27.64,32.5,34.54,34.68,35.83,33.22,34.44,32.39,31.66,32.49,35.22,35.68,30.91,32.24,36.62,30.13,28.86,28.92,30.82,32.61,26.15,26.62,33.82,33.78,34.29,34.74,34.13,27.96,32.82,31.57,29.81,32.39,30.04,33.85,29.93,31.99,30.56,31.69,33.73,34.17,29.41,34.78,33.78,29.95,34.07,32.88,32.68,29.13,30.59,31.68,34.45,34.29,27.11,30.45,28.43,34.46,33.51,35.25,33.69,31.88,34.61,32.92,33.08,27.59,34.77,34.17,34.52,35.65,33.31,35.57,35.12,28.91,34.13,34.69,32.58,33.6,26.89,31.11,33.83,34.11
2012,7,7,0,28.11,33.76,27.26,31.82,34.09,34.42,33.0,32.67,32.79,31.75,30.3,31.14,32.52,34.68,29.76,31.55,34.91,29.48,28.51,28.46,29.19,32.06,26.09,26.61,32.64,33.1,33.98,34.0,33.36,27.65,31.04,30.69,29.37,31.79,29.19,31.16,29.32,30.14,29.68,31.11,32.35,33.82,28.78,33.13,33.07,29.31,33.65,32.44,31.97,28.85,29.35,30.99,32.37,32.74,26.73,29.73,27.99,32.32,32.78,34.86,32.79,31.25,34.4,31.64,32.38,27.17,34.39,33.8,33.44,33.88,32.58,34.42,32.39,28.38,32.15,34.43,31.63,32.22,26.87,30.44,32.35,33.53
2012,7,7,1,27.74,32.28,26.71,30.97,32.4,33.77,30.99,31.77,30.87,30.84,29.42,28.77,31.25,34.06,28.9,29.73,33.39,28.34,27.78,27.62,28.54,31.23,26.0,26.25,31.07,32.11,33.19,32.91,32.24,27.04,28.64,29.25,28.58,29.81,28.78,30.46,28.1,29.14,28.72,30.21,31.69,33.05,27.98,31.8,31.79,28.19,32.14,31.48,31.02,28.51,28.69,30.09,31.28,32.04,26.23,28.51,27.17,30.91,31.86,34.02,31.45,30.33,33.64,30.16,30.43,26.55,33.64,33.0,32.35,32.27,31.63,33.72,31.39,27.44,30.93,33.77,29.06,30.94,26.65,29.74,31.3,32.59
2012,7,7,2,27.11,30.86,25.94,29.9,30.89,32.73,30.3,30.8,30.32,29.78,28.49,27.67,30.64,33.04,27.92,28.65,31.97,27.34,26.86,26.75,27.68,30.31,25.78,25.9,29.59,31.14,32.41,31.65,31.25,26.49,28.22,28.08,27.67,28.92,28.03,29.91,27.08,28.29,27.63,29.29,30.63,32.04,26.97,30.86,30.61,27.15,30.8,30.7,29.95,27.88,28.1,29.25,30.36,31.09,25.68,27.48,26.26,30.02,30.62,32.79,29.92,29.24,32.44,28.81,29.06,25.84,32.61,31.8,31.17,30.79,30.53,32.72,30.25,26.5,29.75,32.7,27.81,29.92,26.17,28.9,30.41,31.4
2012,7,7,3,26.68,29.83,25.42,29.17,29.85,31.87,29.72,29.87,29.69,29.19,27.81,26.72,30.02,32.1,27.23,27.75,31.14,26.58,26.22,26.08,26.9,29.65,25.55,25.63,28.61,30.46,31.06,30.65,30.19,26.07,27.61,27.18,27.03,28.02,27.65,29.32,26.34,27.65,26.82,28.61,29.68,31.02,26.26,30.13,29.69,26.38,29.91,29.9,29.43,27.52,27.49,28.89,29.83,30.45,25.23,26.7,25.62,29.18,29.56,31.87,28.91,28.32,31.36,27.93,28.23,25.39,31.71,30.99,30.48,29.69,29.49,31.96,29.3,25.82,28.93,31.76,26.65,29.46,25.82,28.58,29.83,30.41
2012,7,7,4,26.29,29.13,24.96,28.65,29.01,31.1,29.05,29.25,28.91,28.8,27.27,26.55,29.31,31.28,26.66,27.02,30.34,26.05,25.68,25.6,26.36,29.16,25.44,25.46,27.86,29.72,30.52,29.89,29.21,25.76,27.19,26.53,26.49,27.3,27.26,28.76,25.83,27.17,26.21,27.87,28.82,30.26,25.7,29.43,28.8,25.84,29.1,29.07,29.01,27.08,27.06,28.37,29.2,29.8,25.02,26.17,25.12,28.45,28.8,31.01,28.08,27.65,30.49,27.23,27.58,25.15,31.02,30.25,29.77,28.84,28.87,31.16,28.5,25.34,28.32,31.0,26.48,29.01,25.51,28.05,29.19,29.54
2012,7,7,5,25.9,28.63,24.59,27.7,28.46,30.45,28.29,28.42,28.18,27.85,26.74,26.22,28.58,30.46,26.18,26.48,29.66,25.61,25.22,25.23,25.86,28.39,25.21,25.2,27.25,28.75,29.93,29.2,28.52,25.56,26.8,26.0,26.01,26.77,26.93,28.26,25.4,26.73,25.7,27.39,28.16,29.57,25.23,28.68,27.98,25.35,28.55,28.44,27.93,26.8,26.75,27.81,28.44,29.16,24.66,25.72,24.69,27.81,28.27,30.17,27.46,27.24,29.72,26.72,27.08,24.87,30.38,29.5,29.19,28.31,28.39,30.29,27.97,24.87,27.73,30.33,26.08,28.0,25.17,27.48,28.53,28.71
2012,7,7,6,25.57,28.12,24.25,27.33,27.85,29.95,27.81,28.11,27.49,27.38,26.37,25.97,27.72,30.06,25.83,26.06,29.15,25.31,24.86,24.92,25.39,28.13,24.95,25.11,26.82,28.26,29.39,28.64,27.98,25.45,26.49,25.65,25.65,26.33,26.64,27.87,25.15,26.45,25.38,27.09,27.54,29.24,24.91,27.87,27.48,25.14,28.02,27.7,27.61,26.58,26.58,27.29,27.68,28.77,24.48,25.35,24.42,27.23,27.78,29.71,26.96,26.92,29.09,26.29,26.66,24.71,29.93,29.14,28.76,27.7,28.01,29.82,27.4,24.67,27.3,29.71,25.65,27.53,24.86,27.02,28.17,28.14
2012,7,7,7,24.62,26.58,23.4,24.86,26.14,27.76,25.72,25.72,25.35,24.72,24.82,24.91,25.27,27.76,24.22,24.15,27.37,23.74,23.75,23.88,24.12,26.06,24.58,24.68,25.13,25.8,27.35,27.04,26.07,25.01,24.8,23.77,24.32,24.52,25.04,25.97,23.51,25.11,23.69,25.14,25.64,26.91,23.5,25.5,25.65,23.51,26.3,25.61,25.24,24.84,24.99,25.22,25.11,26.63,23.58,23.86,23.29,25.43,26.05,27.32,25.22,25.15,27.37,24.42,24.77,23.64,27.57,26.8,26.78,25.97,26.32,27.8,25.57,23.32,25.63,27.92,24.67,25.08,24.17,24.69,26.17,26.23
2012,7,7,8,24.54,25.6,23.37,24.59,25.48,27.58,25.41,25.42,24.97,24.45,24.6,24.6,24.91,27.66,23.96,23.9,26.98,23.62,23.7,23.79,23.94,25.85,24.23,24.44,24.72,25.49,27.06,26.64,25.27,24.96,24.48,23.51,24.21,24.29,24.58,25.65,23.37,24.67,23.46,24.78,25.08,26.71,23.35,25.04,25.22,23.29,25.74,24.97,24.96,24.4,24.53,24.83,24.79,26.38,23.25,23.76,23.2,25.07,25.21,27.19,24.78,24.74,26.93,24.1,24.45,23.51,27.44,26.67,26.45,25.26,25.62,27.66,25.14,23.11,25.32,27.56,24.36,24.79,24.09,24.4,25.95,25.83
2012,7,7,9,24.41,25.12,23.46,24.35,25.22,27.35,25.25,25.15,24.72,24.26,24.55,24.33,24.64,27.49,23.91,23.65,26.65,23.41,23.73,23.58,23.7,25.63,24.05,24.24,24.55,25.34,26.83,26.3,24.83,24.67,24.24,23.35,24.18,24.03,24.35,25.53,23.2,24.44,23.4,24.5,24.79,26.54,23.4,24.72,24.95,23.19,25.54,24.66,24.7,24.13,24.29,24.58,24.54,26.23,23.1,23.54,23.3,24.83,24.78,26.97,24.51,24.48,26.59,23.91,24.21,23.33,27.31,26.49,26.23,24.98,24.95,27.38,24.91,23.11,25.15,27.21,24.01,24.6,23.97,24.16,25.81,25.56
2012,7,7,10,24.34,24.89,23.54,24.22,25.09,27.15,25.2,25.05,24.56,24.14,24.57,23.9,24.45,27.47,23.93,23.57,26.64,23.38,23.79,23.44,23.54,25.51,23.94,24.12,24.49,25.32,26.64,25.97,24.59,24.43,23.96,23.38,24.2,23.85,24.19,25.5,23.26,24.28,23.49,24.33,24.59,26.54,23.5,24.48,24.74,23.32,25.46,24.45,24.53,23.99,24.15,24.39,24.35,26.25,23.16,23.45,23.43,24.68,24.56,26.98,24.35,24.31,26.24,23.79,23.98,23.32,27.21,26.46,26.27,24.81,24.64,27.38,24.76,23.29,25.1,26.74,23.77,24.5,23.92,24.0,25.76,25.29
2012,7,7,11,24.27,24.69,23.51,24.13,24.87,26.92,25.11,24.96,24.41,23.95,24.52,23.67,24.32,27.39,23.89,23.48,26.56,23.38,23.77,23.3,23.39,25.36,23.63,23.8,24.49,25.24,26.42,25.62,24.51,24.29,23.66,23.32,24.18,23.73,24.07,25.44,23.23,24.15,23.44,24.2,24.45,26.42,23.47,24.31,24.7,23.21,25.29,24.33,24.38,23.82,23.95,24.22,24.17,26.22,23.01,23.39,23.33,24.54,24.43,26.94,24.23,24.14,25.92,23.66,23.71,23.28,27.03,26.35,26.22,24.6,24.5,27.37,24.59,23.17,25.04,26.37,23.65,24.35,23.84,23.82,25.68,25.24
2012,7,7,12,24.45,25.14,23.62,24.72,25.56,26.97,25.54,25.48,25.07,24.65,24.7,24.01,24.96,27.6,24.07,23.69,27.06,23.83,23.95,23.93,23.93,25.77,24.21,24.28,24.7,25.62,26.47,25.5,24.93,24.65,23.89,23.58,24.37,24.0,24.87,25.88,23.62,24.72,23.69,24.76,25.04,26.69,23.68,25.0,25.06,23.59,25.98,24.91,25.0,24.54,24.48,25.05,24.92,26.61,23.58,23.88,23.49,25.24,24.84,27.29,24.37,24.55,25.8,23.66,23.74,23.76,27.18,26.68,26.74,25.2,24.88,27.67,25.24,23.43,25.16,26.29,23.96,24.94,24.0,24.62,25.99,25.45
2012,7,7,13,25.19,27.25,24.01,26.46,27.44,27.42,27.41,27.25,27.02,26.67,25.33,24.54,26.8,28.31,24.86,24.12,28.34,24.97,24.57,25.4,25.13,27.67,25.75,25.55,25.54,26.87,27.01,26.06,27.12,25.64,24.52,24.2,25.09,24.46,26.63,27.56,24.67,25.86,24.44,26.13,27.12,27.78,24.38,26.85,26.15,24.58,27.63,26.94,27.13,26.16,25.77,26.87,26.81,28.07,25.22,25.08,24.08,27.22,27.04,28.47,25.21,25.65,26.37,24.29,24.38,25.23,27.77,28.14,28.07,27.31,27.05,28.54,27.28,24.27,25.66,26.62,24.47,27.0,24.82,26.5,27.8,26.28
2012,7,7,14,26.19,29.68,25.36,28.34,30.02,28.34,29.47,28.99,29.33,28.66,26.73,24.7,29.1,29.52,26.53,24.73,30.41,26.19,25.88,26.96,26.53,29.45,26.91,26.99,26.94,28.4,28.12,27.31,29.56,26.81,25.06,25.18,26.39,24.94,28.43,29.74,25.99,26.83,25.86,27.97,29.58,29.01,25.91,29.21,27.7,26.06,30.18,29.37,29.0,28.0,27.09,28.96,28.98,29.99,26.76,26.38,25.6,29.57,29.5,29.96,26.57,27.15,27.63,25.48,25.25,26.97,28.79,29.69,30.24,29.83,29.47,29.98,29.77,25.85,26.89,27.62,24.96,29.0,25.75,28.42,29.74,27.57
2012,7,7,15,28.08,31.61,27.13,30.15,31.9,29.84,31.58,30.54,31.55,30.65,29.06,25.44,31.37,31.06,28.61,26.2,32.24,27.75,28.07,28.43,28.02,31.2,27.82,27.95,29.04,29.96,29.49,29.26,31.87,27.96,25.68,27.15,28.73,26.01,29.72,31.64,27.55,27.8,28.22,29.7,31.73,30.25,28.2,31.35,29.51,27.96,32.09,31.72,30.85,29.46,28.03,30.75,31.16,31.73,28.23,27.89,27.69,31.67,31.46,31.52,28.63,28.64,29.37,27.45,26.56,28.37,30.07,31.22,32.07,31.67,31.49,31.6,31.72,28.06,29.21,29.14,25.93,31.09,27.29,30.23,31.66,29.44
2012,7,7,16,29.36,33.47,28.52,31.77,33.93,31.62,33.29,32.03,33.31,32.35,29.93,26.93,33.13,32.63,29.42,28.12,33.97,29.23,29.3,29.44,29.34,32.64,28.54,28.78,30.14,31.55,30.99,30.47,33.67,28.77,27.34,28.63,29.7,27.94,31.36,33.28,29.27,29.33,29.19,31.29,33.63,31.64,29.2,33.06,30.88,29.6,33.93,33.49,32.43,31.1,29.69,32.35,32.88,33.15,29.26,29.41,29.01,33.54,33.35,32.94,29.59,30.1,30.8,28.52,28.1,29.51,31.59,32.59,33.67,33.73,33.09,33.16,33.69,29.37,30.2,30.73,27.51,32.77,28.7,31.91,33.17,30.86
2012,7,7,17,30.74,34.79,29.94,32.99,35.07,33.05,34.32,33.24,34.6,33.55,31.61,28.95,34.45,33.86,31.36,30.66,35.23,31.25,30.8,30.57,30.88,33.66,29.13,29.33,31.79,32.88,32.28,31.88,35.1,29.54,29.87,30.92,31.28,30.48,32.2,34.24,31.2,30.57,31.17,32.42,34.89,32.62,30.81,34.35,32.3,31.34,35.07,34.89,33.68,32.09,31.02,33.44,34.12,34.11,30.37,31.12,30.46,34.64,34.58,33.89,31.52,31.57,32.13,31.02,30.45,30.51,32.8,33.48,34.79,34.8,34.66,34.32,34.71,30.88,31.9,32.08,29.59,33.92,29.94,33.06,34.09,32.44
2012,7,7,18,31.73,36.25,31.11,34.02,35.99,34.03,35.49,34.59,35.38,34.65,32.83,30.47,35.11,34.61,32.56,32.11,35.73,32.26,32.08,30.96,31.82,35.12,28.82,28.4,33.07,34.06,33.4,33.03,36.22,29.17,31.24,32.32,32.58,31.77,33.12,34.98,32.28,31.75,32.43,33.34,35.87,33.62,32.15,34.92,33.36,32.43,35.61,35.6,35.06,33.09,32.16,34.24,34.98,34.76,30.54,32.1,31.56,35.5,35.94,34.59,32.66,32.55,33.3,32.44,31.89,30.6,33.66,34.49,35.26,36.07,35.95,35.0,35.7,31.77,33.04,33.2,30.86,35.12,30.93,34.12,35.4,33.53
2012,7,7,19,32.79,36.84,32.41,34.69,36.55,34.58,35.75,35.05,36.01,35.39,33.19,28.65,36.14,34.39,33.79,33.19,35.75,33.72,32.72,30.04,33.07,35.28,28.64,28.53,34.39,34.76,34.25,34.24,36.64,28.54,29.08,34.09,32.63,31.62,32.68,35.39,33.82,29.04,33.97,33.66,36.52,34.22,33.05,36.07,34.19,33.83,36.09,36.38,35.35,32.39,29.78,35.33,36.13,34.95,31.37,33.2,32.71,36.08,36.51,34.52,33.98,32.47,34.51,34.26,32.0,30.45,34.16,34.63,35.38,36.7,36.26,34.64,36.3,33.02,34.09,34.27,31.32,35.58,32.66,34.89,35.46,34.47
2012,7,7,20,32.67,37.21,32.34,34.64,37.24,35.02,36.45,35.26,36.69,35.65,33.68,28.95,36.88,34.44,33.9,30.6,35.96,31.53,32.72,29.48,32.31,35.71,27.87,27.96,34.7,35.15,34.85,34.74,37.21,28.58,28.5,32.95,32.94,30.78,29.09,36.07,32.69,28.59,33.89,32.56,37.18,34.68,33.24,36.65,34.53,33.73,36.75,37.06,35.55,29.43,28.43,33.61,36.59,35.3,29.1,31.73,32.73,36.86,36.98,34.64,34.01,31.63,35.08,33.34,30.35,28.06,34.62,35.0,35.63,37.32,36.59,34.57,37.07,32.97,34.46,34.82,31.67,36.04,32.41,33.07,36.05,35.01
2012,7,7,21,33.04,37.43,32.43,33.18,37.46,35.09,36.4,34.76,36.67,33.21,33.73,29.26,36.46,34.47,33.7,29.59,36.12,29.41,32.87,29.03,29.1,35.42,28.6,28.48,34.73,35.32,35.14,35.0,37.38,28.88,28.47,29.82,33.18,29.96,28.51,36.21,29.22,28.4,31.73,31.9,37.25,34.72,33.06,34.77,34.61,31.16,36.95,37.02,35.01,28.52,28.23,30.03,33.23,35.37,27.93,29.69,32.59,36.73,37.2,34.71,33.07,30.49,35.3,30.36,28.84,28.21,34.89,35.04,35.77,37.41,36.8,34.36,37.12,32.11,34.72,34.96,30.58,35.92,32.71,29.19,36.11,35.28
2012,7,7,22,32.89,36.74,31.0,30.6,35.09,35.07,33.98,32.24,34.88,28.57,33.56,29.5,32.41,34.31,31.91,29.34,34.55,28.74,32.81,29.39,29.28,32.22,29.08,28.95,32.47,34.6,35.13,34.88,36.23,29.17,28.86,28.4,33.16,29.4,28.69,32.52,27.85,28.67,28.36,31.3,36.13,34.44,30.99,31.1,33.8,27.74,33.48,35.2,28.96,28.91,28.57,29.79,30.31,33.83,28.49,29.32,29.8,34.2,36.73,34.48,31.0,30.43,35.39,29.0,29.32,29.0,34.75,34.36,34.89,36.82,36.64,34.23,35.13,28.06,33.35,34.9,29.86,29.85,31.59,28.89,33.16,34.75
2012,7,7,23,30.8,36.03,28.27,28.91,31.73,34.6,29.65,30.49,30.49,28.19,31.94,29.19,29.88,34.07,28.86,28.83,33.5,28.72,29.48,28.67,29.39,30.22,27.44,27.95,30.35,31.98,34.95,33.71,35.58,28.34,29.17,27.82,31.85,29.09,28.72,31.01,27.86,29.05,27.21,30.68,35.44,34.06,27.33,29.83,31.3,26.74,30.86,31.26,28.26,28.95,28.98,29.54,29.65,33.39,27.64,29.09,27.5,32.45,35.94,34.27,30.24,30.32,34.61,29.23,29.55,28.14,34.7,33.46,32.52,34.39,35.99,33.85,33.76,26.44,31.48,34.57,29.34,28.75,28.14,28.78,30.71,33.79
2012,7,8,0,27.57,34.26,26.64,28.35,29.77,33.41,28.03,29.37,29.31,27.78,28.04,28.55,29.29,33.64,27.37,28.21,32.79,28.22,26.55,27.9,28.45,29.44,27.17,27.41,29.48,28.75,32.46,31.82,32.86,27.73,28.72,27.2,27.73,28.63,28.8,29.16,27.44,28.96,26.58,30.1,32.89,32.37,25.86,29.24,29.86,26.55,29.15,29.94,27.79,28.83,28.88,29.39,29.25,31.27,27.13,28.32,26.17,30.02,34.08,33.08,29.95,29.85,32.21,28.71,29.08,27.43,33.81,32.25,31.24,32.04,34.26,33.5,30.92,26.11,29.54,34.19,28.72,27.56,26.37,28.54,30.19,29.18
2012,7,8,1,26.25,32.41,25.47,27.88,29.05,32.34,27.92,28.67,28.72,27.55,26.01,27.65,28.83,31.97,26.44,27.37,31.81,27.4,25.38,27.04,27.54,29.01,26.78,26.88,28.48,27.76,28.63,29.1,30.92,27.11,27.8,26.53,25.54,27.79,28.11,28.74,26.83,27.98,26.05,29.22,30.96,30.5,25.2,28.91,29.16,26.24,28.86,29.17,27.58,28.08,27.97,28.73,28.66,30.87,26.56,27.45,25.3,29.05,32.01,32.05,28.95,28.84,28.69,27.64,28.08,26.68,31.33,31.29,30.82,30.48,32.51,32.84,29.77,25.79,27.98,31.94,27.88,27.48,25.82,28.02,29.51,27.91
2012,7,8,2,25.74,30.94,25.39,27.19,28.58,30.2,27.71,28.03,28.09,27.1,25.2,27.0,28.13,30.44,25.46,26.6,30.73,26.67,24.95,26.36,26.87,28.38,26.41,26.43,27.32,27.43,27.57,27.8,29.65,26.57,27.06,25.94,25.02,27.07,27.4,28.38,26.25,27.2,25.41,28.02,29.7,29.28,24.58,28.15,28.35,25.83,28.53,28.36,27.26,27.29,27.24,27.96,27.95,29.98,26.01,26.75,25.1,28.39,30.55,31.14,27.9,27.93,27.81,26.69,27.21,26.06,28.93,30.14,30.01,29.42,31.08,31.26,28.94,25.39,26.79,28.57,27.21,27.23,25.6,27.26,28.72,27.73
2012,7,8,3,25.46,29.71,24.94,25.85,28.09,28.64,27.4,26.6,27.65,26.48,25.13,26.42,27.53,28.87,25.15,26.05,29.97,26.13,24.64,25.78,26.23,27.67,26.12,26.15,26.57,26.26,26.96,26.42,28.72,26.25,26.46,25.52,24.85,26.48,26.94,27.95,25.83,26.64,25.09,27.18,28.88,28.35,24.36,27.4,27.55,25.48,28.14,27.49,26.22,26.7,26.72,27.48,27.46,29.32,25.63,26.16,24.79,27.91,29.45,30.03,27.1,27.27,26.73,26.03,26.54,25.63,27.98,28.97,29.31,28.65,29.77,30.6,28.3,25.05,26.14,27.41,26.56,26.9,25.22,26.64,28.2,26.82
2012,7,8,4,25.23,28.86,24.6,25.27,27.59,27.64,26.49,25.1,27.14,25.41,24.98,25.98,27.19,27.47,24.82,25.66,29.26,25.77,24.42,25.47,25.82,25.63,25.79,25.91,26.03,25.48,26.04,26.02,28.02,26.06,26.0,25.17,24.67,26.06,26.57,27.51,25.5,26.22,24.78,26.67,28.2,26.62,24.18,26.91,26.85,25.14,27.71,26.97,24.85,26.21,26.28,27.11,27.01,28.63,25.26,25.77,24.5,27.43,28.66,28.65,26.48,26.75,25.95,25.54,26.03,25.36,26.89,26.92,28.76,28.03,28.87,29.78,27.77,24.7,25.9,26.27,26.11,25.83,24.92,26.03,26.81,26.15
2012,7,8,5,24.99,28.19,24.31,25.28,27.11,26.35,25.44,24.63,26.68,25.05,24.84,25.57,26.84,26.73,24.58,25.33,28.73,25.41,24.19,25.11,25.39,24.68,25.53,25.62,25.61,25.18,25.57,25.98,27.4,25.83,25.57,24.93,24.5,25.64,26.23,26.63,25.2,25.83,24.6,26.34,27.64,25.46,24.04,26.46,26.37,24.93,27.26,26.57,24.45,25.97,25.85,26.73,26.63,27.72,24.99,25.37,24.31,26.93,27.96,27.58,25.97,26.24,25.94,25.16,25.59,25.04,25.8,25.59,28.29,27.5,28.1,28.95,27.28,24.51,25.66,25.88,25.67,25.06,24.68,25.91,25.38,25.94
2012,7,8,6,24.8,27.72,24.08,24.87,26.78,26.05,24.98,24.14,26.1,24.75,24.72,25.27,26.35,25.92,24.47,25.11,28.4,25.15,23.99,24.93,25.12,24.23,25.54,25.42,25.4,24.74,25.79,25.94,26.89,25.64,25.27,24.77,24.29,25.35,25.86,25.88,24.98,25.47,24.48,25.92,27.11,25.34,23.95,26.07,25.95,24.78,26.88,26.02,24.11,25.62,25.49,26.38,26.23,26.78,24.86,25.1,24.14,26.31,27.46,26.58,25.6,25.82,25.91,24.93,25.29,24.85,25.78,25.11,27.73,27.14,27.51,28.09,26.76,24.38,25.59,26.02,25.37,24.69,24.54,25.58,24.9,25.76
2012,7,8,7,24.26,27.25,23.63,24.72,26.58,27.4,25.72,24.26,25.72,24.89,23.99,25.02,25.51,26.72,24.11,24.71,27.31,24.74,23.38,24.76,24.9,24.84,25.39,25.49,24.87,24.87,26.81,26.42,26.63,25.59,24.96,24.33,23.56,25.04,25.47,26.35,24.54,25.14,24.06,25.29,26.66,26.01,23.68,25.64,25.52,24.3,26.59,26.05,24.43,24.96,25.04,25.8,25.45,26.78,24.57,24.67,23.76,26.16,26.98,27.0,25.06,25.25,26.7,24.47,24.89,24.72,27.22,25.87,27.11,26.83,27.07,27.51,26.55,23.92,24.97,27.69,25.18,25.12,24.3,25.27,25.62,25.63
2012,7,8,8,23.96,26.82,23.65,24.45,26.2,27.26,25.44,24.25,25.53,24.68,23.26,24.76,25.38,26.69,23.85,24.55,27.0,24.56,23.12,24.55,24.62,24.77,25.36,25.49,24.58,24.76,26.53,25.66,26.24,25.53,24.69,24.18,23.16,24.8,25.17,25.97,24.38,24.85,23.85,24.94,26.32,25.96,23.46,25.43,25.2,24.17,26.25,25.76,24.31,24.66,24.71,25.54,25.28,26.4,24.45,24.49,23.74,25.87,26.56,26.71,24.85,24.92,26.18,24.32,24.66,24.59,27.11,25.8,26.76,26.42,26.63,27.25,26.19,23.84,24.02,27.42,24.89,24.92,24.24,25.0,25.34,25.23
2012,7,8,9,23.82,26.44,23.58,24.18,25.89,27.1,25.2,24.21,25.26,24.43,22.81,24.58,25.12,26.55,23.52,24.42,26.68,24.41,22.91,24.36,24.44,24.7,25.21,25.32,24.28,24.59,26.23,25.36,25.89,25.41,24.51,24.06,22.89,24.63,24.86,25.67,24.23,24.61,23.72,24.58,25.96,25.84,23.23,25.13,24.86,24.06,25.95,25.47,24.19,24.35,24.45,25.21,25.0,26.1,24.38,24.35,23.67,25.55,26.18,26.44,24.63,24.64,25.77,24.2,24.5,24.46,26.95,25.67,26.44,26.08,26.22,26.95,25.86,23.77,23.73,27.16,24.69,24.71,24.17,24.69,25.16,24.86
2012,7,8,10,23.8,26.17,23.6,23.96,25.68,26.96,24.92,24.14,24.88,24.18,22.7,24.37,24.86,26.37,23.33,24.3,26.45,24.29,22.91,24.21,24.22,24.61,25.18,25.05,24.1,24.42,25.96,25.26,25.67,25.2,24.34,23.93,22.75,24.5,24.54,25.44,24.1,24.34,23.63,24.34,25.7,25.74,23.03,24.95,24.62,23.92,25.73,25.27,24.03,24.07,24.22,24.93,24.77,25.84,24.25,24.21,23.6,25.26,25.93,25.86,24.46,24.45,25.56,24.08,24.35,24.27,26.78,25.4,26.23,25.84,25.95,26.77,25.62,23.66,23.7,26.95,24.48,24.46,24.16,24.4,25.0,24.63
2012,7,8,11,23.71,25.9,23.45,23.83,25.45,26.23,24.43,24.13,24.41,23.93,22.73,24.23,24.44,25.51,23.12,24.19,26.3,24.18,22.91,24.04,24.07,24.51,25.11,24.98,23.97,24.34,25.81,25.21,25.46,24.74,24.24,23.83,22.83,24.4,24.32,25.21,23.98,24.16,23.55,24.14,25.48,25.47,22.9,24.71,24.46,23.83,25.57,25.06,23.91,23.88,24.07,24.68,24.42,24.97,24.15,24.13,23.49,24.92,25.68,24.87,24.31,24.29,25.46,23.97,24.24,24.14,26.27,24.76,25.56,25.57,25.72,26.35,25.35,23.57,23.66,26.76,24.34,23.93,24.04,24.21,24.92,24.52
2012,7,8,12,24.11,26.24,23.91,24.12,25.85,25.29,24.2,24.15,24.4,24.19,22.98,24.53,24.69,24.81,23.19,24.33,25.77,24.41,23.32,24.36,24.41,24.46,25.09,24.98,24.12,24.52,25.81,25.26,25.77,25.01,24.52,23.96,23.19,24.62,24.81,24.68,24.14,24.59,23.71,24.48,25.74,25.11,23.13,25.06,24.69,23.93,25.69,25.42,24.18,24.3,24.47,25.1,24.72,24.12,24.32,24.38,23.76,24.91,25.97,24.27,24.54,24.63,25.49,24.14,24.48,24.39,25.73,24.32,24.77,25.93,26.03,25.27,25.61,23.73,23.81,26.0,24.6,24.05,24.38,24.6,24.45,24.65
2012,7,8,13,25.26,27.58,24.63,25.17,26.54,25.32,24.99,24.88,25.41,25.32,23.75,25.77,25.78,25.34,23.99,25.16,25.05,25.67,24.19,25.67,25.87,25.09,26.01,26.09,24.78,24.89,25.46,25.58,27.04,25.85,25.44,24.86,24.04,25.58,26.31,24.69,25.22,26.08,24.63,25.65,26.8,24.97,24.0,26.18,25.46,24.92,25.44,26.55,25.08,25.66,25.69,26.41,25.85,24.24,25.66,25.7,24.68,25.64,27.25,24.76,25.38,25.64,25.62,24.98,25.24,25.87,25.21,24.68,24.26,27.07,27.38,25.34,26.42,24.7,24.43,25.42,25.86,25.1,25.2,25.91,24.72,25.08
2012,7,8,14,26.16,29.06,25.53,25.62,27.36,25.38,26.03,24.85,26.84,26.27,24.79,26.87,27.26,25.9,25.15,25.62,25.44,26.88,25.13,27.12,27.39,25.52,26.77,26.95,25.92,24.54,25.11,25.58,28.52,26.97,25.96,25.38,24.98,26.38,27.72,25.57,25.96,27.22,25.37,26.74,28.2,24.95,24.96,27.78,26.0,25.37,25.97,27.97,25.31,26.99,26.62,28.06,27.44,24.97,26.5,27.12,25.37,26.85,28.74,25.43,26.64,26.69,25.28,26.14,25.85,27.14,25.17,25.14,24.78,28.23,28.96,25.9,27.57,25.24,25.17,25.12,27.19,25.78,26.16,27.4,25.49,25.03
2012,7,8,15,26.95,30.08,25.45,25.76,29.09,25.8,27.61,25.55,28.19,26.64,25.4,27.79,28.34,27.25,25.65,25.55,27.31,27.95,25.36,28.05,28.52,26.77,27.58,27.84,25.86,24.48,24.83,25.3,29.68,27.7,26.86,25.05,25.53,27.52,28.79,27.18,26.34,28.19,25.18,27.12,29.61,25.47,25.0,28.9,25.26,25.33,27.63,28.93,26.24,27.96,27.71,29.23,28.3,26.67,27.31,28.3,25.49,28.49,30.04,27.17,27.05,27.51,24.9,26.57,26.3,28.14,25.63,26.56,26.55,29.87,29.78,27.62,29.33,25.36,25.33,25.06,28.35,27.02,26.6,28.12,27.04,24.44
2012,7,8,16,27.27,30.76,25.16,24.97,30.64,26.9,28.3,25.93,28.92,26.2,25.27,29.05,28.95,28.65,25.0,25.12,29.34,27.18,25.33,29.59,30.16,27.41,28.41,28.76,24.97,24.6,24.98,25.24,30.46,28.97,27.53,24.95,25.6,26.87,29.69,28.5,25.82,29.23,24.78,25.51,30.19,26.23,24.72,29.72,24.48,25.19,29.69,29.69,26.56,27.26,28.22,29.96,28.23,28.13,27.84,29.0,24.8,29.43,30.73,28.57,26.4,26.89,25.01,25.75,26.56,29.19,26.35,27.61,28.52,30.76,30.57,29.18,30.24,24.84,24.95,25.4,29.72,27.34,26.96,26.46,27.91,24.49
2012,7,8,17,27.37,31.61,24.8,25.67,31.74,28.16,29.64,27.42,30.26,27.26,25.24,29.62,30.02,30.17,24.62,24.88,31.03,26.48,25.07,30.45,30.43,28.86,29.39,29.62,24.54,25.67,25.93,25.57,31.38,29.74,26.61,24.82,25.48,25.47,29.76,30.29,25.57,30.08,24.8,24.71,31.54,27.67,24.63,30.55,24.43,25.37,31.07,30.88,27.88,26.09,26.96,29.33,28.31,29.96,28.43,28.04,24.77,30.87,31.83,30.22,24.59,25.03,25.39,24.4,24.99,29.67,27.79,29.27,30.51,31.97,31.31,31.0,31.66,25.25,24.99,26.58,29.5,28.67,27.16,26.13,29.55,24.67
2012,7,8,18,27.54,32.56,25.55,26.57,32.53,30.12,29.76,28.59,28.96,26.99,25.4,27.04,27.81,30.97,24.33,24.33,31.46,26.12,25.41,30.61,28.63,29.71,28.68,29.28,24.67,26.94,27.63,27.45,32.0,30.21,24.87,24.65,25.59,24.89,27.7,30.7,25.75,27.53,24.82,25.05,31.87,29.03,24.79,28.9,24.96,25.8,31.68,30.43,28.67,25.13,24.58,28.08,26.81,30.7,28.11,27.25,25.46,31.07,32.47,30.9,23.91,24.17,27.4,23.74,23.85,28.76,29.25,30.08,31.1,32.83,31.86,31.54,32.1,25.88,25.81,28.95,26.73,27.98,26.95,26.02,30.14,25.94
2012,7,8,19,28.85,32.67,26.84,26.49,31.81,28.51,26.75,26.45,30.31,27.39,28.82,27.19,31.23,28.23,27.62,26.16,28.28,27.53,27.5,29.47,26.61,26.68,30.23,30.21,27.9,27.11,27.59,28.64,33.12,30.62,26.03,27.03,28.55,26.06,29.45,28.2,27.83,28.27,27.24,27.12,32.68,26.76,27.17,32.05,27.81,27.95,30.66,32.53,25.88,27.71,27.11,30.95,30.46,27.85,30.17,27.12,27.02,30.12,32.79,27.22,26.8,26.45,28.28,26.5,25.86,29.92,27.27,26.99,28.05,32.19,32.93,27.55,31.36,27.55,28.76,27.71,26.62,27.03,27.48,28.81,26.95,28.03
2012,7,8,20,29.0,33.4,27.83,27.04,32.11,29.39,26.26,26.55,27.05,26.38,29.94,28.47,28.65,29.12,28.94,28.3,28.6,29.11,28.53,30.1,28.22,26.32,29.01,29.09,29.83,28.0,28.57,30.08,33.75,29.64,28.05,28.12,29.56,28.29,30.39,28.28,29.0,29.39,28.28,28.12,31.5,27.33,28.18,31.95,29.02,28.94,29.95,31.15,25.61,28.81,28.56,31.22,28.09,27.93,30.09,28.8,28.37,27.83,33.8,27.77,28.63,28.36,29.56,28.31,27.93,30.27,28.11,27.19,27.73,32.7,33.7,28.3,30.14,28.81,30.37,28.48,28.15,25.96,27.15,28.24,27.0,29.35
2012,7,8,21,28.17,30.81,28.41,27.53,28.57,28.99,26.74,27.14,26.64,26.72,30.78,29.28,26.84,28.91,30.09,29.44,28.55,29.63,29.38,28.55,29.17,26.71,27.72,27.59,30.77,28.41,29.11,30.96,28.26,28.31,28.95,29.44,30.21,29.26,30.52,27.52,29.71,29.91,29.59,28.72,27.29,27.84,29.45,28.39,29.76,29.77,28.38,26.69,26.39,29.05,29.29,30.01,27.17,27.3,28.35,29.29,29.01,27.64,30.06,27.56,29.76,29.17,30.25,29.65,29.09,28.09,28.25,27.16,27.63,29.28,31.41,28.33,28.62,29.23,31.34,29.06,29.18,26.42,26.88,28.2,26.8,29.98
2012,7,8,22,26.99,27.82,27.91,27.73,27.57,29.56,27.32,27.85,26.96,27.01,30.42,29.59,26.9,29.61,30.17,29.74,28.94,28.36,28.29,28.05,29.25,27.55,27.33,27.25,30.73,28.85,29.66,31.22,26.33,28.0,29.51,29.55,28.92,29.78,30.19,27.69,28.19,29.99,29.51,28.81,26.96,28.5,29.35,27.53,29.94,28.09,27.85,26.28,27.1,28.93,29.57,29.25,27.09,27.9,26.54,28.97,28.42,27.6,27.18,28.48,29.92,29.44,30.62,29.81,29.52,26.85,28.96,27.94,28.07,27.59,28.2,29.42,27.97,27.54,31.3,29.64,29.65,26.84,26.08,27.89,27.5,30.12
2012,7,8,23,26.6,27.23,27.1,27.23,27.51,29.72,27.28,27.83,27.14,27.06,29.34,29.35,27.04,29.66,29.54,28.73,29.15,26.97,27.7,26.78,27.15,27.59,26.97,26.98,30.42,28.22,29.81,31.04,26.3,27.71,29.31,28.44,28.07,29.17,29.24,27.71,26.88,29.36,28.61,28.0,27.16,28.8,28.47,27.39,29.38,27.02,28.15,26.47,27.26,27.75,28.78,28.59,27.23,28.23,25.77,26.85,27.47,27.51,26.94,28.84,29.67,29.1,30.78,29.59,29.25,26.17,29.18,28.26,28.39,27.13,27.59,29.59,27.85,26.83,30.52,30.03,29.22,26.94,25.95,27.4,27.52,29.84
2012,7,9,0,26.47,26.67,26.42,26.52,27.23,29.52,27.1,27.59,26.93,26.83,28.08,28.57,26.81,29.46,28.36,27.24,28.84,26.29,27.02,26.41,26.45,27.48,26.69,26.8,28.99,27.71,29.65,29.65,26.26,27.32,28.5,27.17,27.37,27.92,28.58,27.51,26.11,28.64,27.59,26.8,26.85,28.71,27.54,26.97,28.16,26.3,27.89,26.19,26.99,27.06,28.14,28.17,27.08,28.0,25.52,26.25,26.82,27.32,26.75,28.72,28.77,28.3,29.97,28.45,28.25,25.88,29.18,28.17,28.21,26.82,27.16,29.4,27.57,26.28,28.73,29.96,28.02,26.8,25.79,27.01,27.38,28.93
2012,7,9,1,26.01,26.59,25.75,26.05,26.93,28.92,26.5,26.87,26.42,26.23,27.24,27.63,26.49,28.76,27.31,26.4,28.13,25.7,26.21,26.02,25.88,26.84,26.43,26.52,27.79,26.97,28.39,27.95,26.04,26.85,27.47,26.21,26.6,26.83,27.77,26.89,25.53,27.76,26.5,26.43,26.66,28.09,26.51,26.75,27.37,25.63,27.29,26.09,26.37,26.61,27.52,27.61,26.69,27.33,25.46,25.71,25.98,26.74,26.63,28.07,27.89,27.6,27.78,27.21,27.18,25.63,28.63,27.5,27.51,26.74,26.75,28.79,27.09,25.6,27.61,28.85,27.0,26.26,25.34,26.5,26.72,27.39
2012,7,9,2,25.44,26.28,25.07,25.48,26.37,28.35,25.87,26.09,25.84,25.54,26.37,26.47,25.97,28.08,26.23,25.54,27.41,25.2,25.42,25.54,25.33,26.16,26.11,26.19,26.83,26.25,26.95,26.99,25.67,26.44,26.31,25.35,25.8,25.87,26.98,26.24,24.98,26.95,25.58,25.99,26.15,27.37,25.58,26.29,26.81,25.02,26.6,25.68,25.63,26.01,26.83,26.95,26.1,26.66,25.12,25.24,25.23,26.09,26.22,27.37,26.96,26.94,26.41,26.13,26.16,25.33,27.94,26.85,26.81,26.3,26.23,28.07,26.46,24.97,26.81,27.66,25.96,25.61,24.81,25.89,26.12,26.33
2012,7,9,3,24.97,25.88,24.69,25.01,25.92,27.91,25.48,25.61,25.38,25.07,25.82,25.74,25.56,27.63,25.56,24.87,26.9,24.76,24.95,25.04,24.92,25.75,25.96,26.03,26.21,25.69,26.28,26.65,25.32,26.19,25.53,24.72,25.3,25.19,26.49,25.79,24.54,26.18,24.98,25.45,25.73,26.86,25.03,25.97,26.26,24.58,26.06,25.33,25.19,25.44,25.98,26.4,25.64,26.2,24.85,24.83,24.79,25.61,25.83,26.88,26.18,26.03,26.14,25.38,25.39,25.02,27.39,26.42,26.31,25.89,25.67,27.59,25.93,24.56,26.35,27.05,25.34,25.18,24.45,25.35,25.72,25.92
2012,7,9,4,24.63,25.54,24.28,24.69,25.52,27.36,25.16,25.23,25.01,24.64,25.38,25.13,25.16,27.31,25.07,24.34,26.47,24.36,24.52,24.65,24.58,25.44,25.85,25.91,25.68,25.28,25.9,26.29,25.04,26.01,24.88,24.25,24.87,24.64,25.86,25.44,24.13,25.55,24.48,25.09,25.38,26.4,24.55,25.48,25.7,24.14,25.6,24.98,24.82,24.99,25.3,25.98,25.18,25.85,24.51,24.48,24.32,25.25,25.54,26.55,25.57,25.38,25.87,24.84,24.8,24.64,26.86,26.12,25.92,25.56,25.28,27.21,25.53,24.12,25.9,26.54,24.83,24.83,24.18,24.86,25.44,25.53
2012,7,9,5,24.35,25.19,23.92,24.47,25.11,26.89,24.89,24.95,24.62,24.39,24.91,24.61,24.75,27.04,24.54,23.91,26.13,23.97,24.12,24.36,24.27,25.19,25.62,25.68,25.1,24.91,25.58,25.93,24.72,25.73,24.35,23.82,24.47,24.19,25.38,25.16,23.77,25.06,24.01,24.79,24.96,26.01,24.07,25.03,25.18,23.77,25.23,24.58,24.58,24.71,24.78,25.54,24.75,25.62,24.19,24.13,23.94,24.87,25.14,26.27,24.99,24.85,25.6,24.32,24.29,24.31,26.43,25.84,25.63,25.14,25.0,26.92,25.09,23.75,25.45,26.17,24.4,24.51,23.97,24.58,25.25,25.12
2012,7,9,6,24.17,24.9,23.66,24.23,24.8,26.58,24.56,24.76,24.22,24.19,24.58,24.22,24.39,26.73,24.21,23.67,25.85,23.83,23.84,24.26,24.1,24.95,25.18,25.29,24.75,24.68,25.44,25.63,24.39,25.58,23.97,23.57,24.18,23.91,24.98,24.84,23.61,24.63,23.73,24.47,24.57,25.77,23.76,24.7,24.87,23.58,24.93,24.24,24.38,24.39,24.34,25.1,24.45,25.32,24.04,23.97,23.64,24.46,24.8,25.96,24.66,24.47,25.41,24.04,23.97,24.17,26.17,25.55,25.39,24.81,24.69,26.67,24.73,23.52,25.09,26.0,24.12,24.25,23.86,24.37,24.97,24.87
2012,7,9,7,23.82,23.46,23.28,22.98,23.56,25.87,23.31,23.86,22.82,22.85,24.25,23.91,22.89,25.9,23.83,23.3,24.23,23.18,23.48,23.64,23.51,24.04,24.83,24.78,24.28,24.03,25.23,25.09,23.08,24.85,23.67,23.24,23.87,23.49,24.21,23.8,23.01,24.23,23.4,23.41,23.09,25.03,23.4,23.34,23.99,23.14,23.79,22.92,23.38,23.58,23.92,23.96,23.03,24.16,23.41,23.32,23.29,22.99,23.26,24.89,24.08,23.89,25.18,23.63,23.63,23.56,25.6,24.7,24.11,23.25,23.48,25.25,23.17,23.12,24.72,25.5,23.7,22.96,23.45,23.15,24.07,24.47
2012,7,9,8,23.82,23.31,23.19,22.81,23.33,25.57,23.09,23.68,22.56,22.75,24.05,23.6,22.7,25.66,23.56,22.98,24.05,22.95,23.36,23.54,23.31,23.9,24.85,24.65,23.98,23.77,24.97,24.9,22.87,24.77,23.33,22.92,23.73,23.18,23.98,23.51,22.79,23.9,23.11,23.17,22.84,24.81,23.16,23.19,23.7,22.9,23.55,22.7,23.24,23.32,23.59,23.82,22.92,23.95,23.33,23.1,23.12,22.73,23.04,24.72,23.77,23.59,24.96,23.32,23.3,23.42,25.34,24.52,23.9,23.02,23.38,25.06,22.93,22.93,24.52,25.24,23.42,22.83,23.5,23.0,23.88,24.19
2012,7,9,9,23.86,23.11,23.15,22.66,23.17,25.31,23.0,23.52,22.42,22.66,23.89,23.27,22.61,25.45,23.32,22.77,23.83,22.75,23.28,23.34,23.08,23.8,24.8,24.6,23.66,23.54,24.71,24.68,22.74,24.6,23.07,22.71,23.64,22.94,23.78,23.35,22.62,23.62,22.91,22.95,22.68,24.61,23.0,23.11,23.39,22.75,23.36,22.57,23.13,23.1,23.34,23.68,22.84,23.87,23.19,22.89,23.0,22.55,22.89,24.59,23.47,23.35,24.71,23.06,23.07,23.24,25.1,24.37,23.77,22.88,23.18,24.94,22.78,22.8,24.27,25.0,23.14,22.77,23.57,22.86,23.79,23.88
2012,7,9,10,23.79,23.01,22.91,22.44,23.07,25.05,22.95,23.31,22.36,22.51,23.74,22.97,22.62,25.1,23.08,22.56,23.72,22.62,23.08,22.98,22.82,23.63,24.7,24.54,23.43,23.33,24.55,24.56,22.64,24.33,22.77,22.51,23.49,22.71,23.51,23.24,22.51,23.29,22.69,22.68,22.55,24.37,22.76,23.12,23.16,22.62,23.25,22.49,22.94,22.79,23.01,23.53,22.8,23.7,23.06,22.71,22.76,22.45,22.8,24.29,23.2,23.05,24.6,22.81,22.8,23.11,24.86,24.12,23.65,22.79,23.09,24.73,22.68,22.62,24.1,24.88,22.88,22.69,23.44,22.65,23.66,23.71
2012,7,9,11,23.75,22.94,22.8,22.26,22.96,24.85,22.81,23.11,22.22,22.32,23.63,22.73,22.47,24.86,22.91,22.36,23.69,22.45,22.99,22.7,22.41,23.43,24.51,24.2,23.25,23.15,24.4,24.47,22.51,24.27,22.53,22.35,23.42,22.5,23.23,23.12,22.39,23.01,22.54,22.49,22.42,24.17,22.63,22.96,22.97,22.5,23.11,22.32,22.74,22.53,22.72,23.3,22.61,23.56,22.86,22.37,22.64,22.33,22.71,24.09,22.96,22.81,24.52,22.58,22.56,22.78,24.68,23.91,23.58,22.71,23.01,24.63,22.56,22.51,23.98,24.79,22.67,22.52,23.39,22.42,23.47,23.58
2012,7,9,12,23.92,23.27,23.16,22.66,23.32,24.98,23.24,23.4,22.8,22.75,23.86,23.13,22.95,25.01,23.25,22.8,24.04,22.77,23.34,23.48,22.94,23.72,24.58,24.5,23.59,23.45,24.56,24.51,22.84,24.71,22.98,22.77,23.68,22.94,23.6,23.5,22.68,23.44,22.91,22.86,22.9,24.38,22.99,23.3,23.34,22.75,23.47,22.78,23.09,22.92,23.14,23.65,23.05,23.89,23.2,22.88,23.0,22.86,23.07,24.4,23.33,23.18,24.59,23.01,23.01,23.44,24.84,24.18,23.89,23.11,23.24,24.92,23.04,22.78,24.14,24.86,23.04,22.94,23.53,22.85,23.79,23.83
2012,7,9,13,24.39,24.22,24.65,23.85,24.29,25.79,24.39,24.63,24.13,24.04,24.71,24.76,24.23,26.0,24.93,25.04,24.94,24.95,24.78,25.24,24.84,24.84,25.54,25.46,24.83,24.5,25.16,24.81,23.95,25.98,24.73,25.04,24.67,24.96,24.62,24.5,24.84,24.82,25.14,24.11,24.14,25.37,24.9,24.49,24.54,25.0,24.46,24.04,24.36,24.16,24.63,24.67,24.31,24.88,24.94,24.88,24.89,24.14,24.11,25.51,24.79,24.58,24.95,24.84,24.7,24.89,25.64,25.28,24.82,24.14,24.11,25.85,24.24,24.82,24.74,25.28,24.76,24.16,23.85,24.06,24.82,24.63
2012,7,9,14,23.99,25.37,25.64,25.22,25.74,26.9,25.84,25.93,25.83,25.51,25.65,26.68,25.98,27.17,26.22,26.6,26.24,26.44,25.45,26.8,26.51,26.08,26.37,26.39,26.15,25.63,26.16,25.87,25.38,27.13,26.62,26.56,25.07,26.82,26.35,25.92,26.19,26.71,26.55,25.53,25.75,26.47,26.16,26.13,25.8,26.35,25.89,25.69,25.72,25.85,26.44,26.31,26.0,26.28,26.13,26.46,26.26,25.78,25.53,26.81,26.28,26.18,25.99,26.56,26.49,26.35,26.64,26.48,26.24,25.62,25.2,27.07,25.89,26.15,25.9,26.37,26.72,25.63,24.07,25.66,26.13,25.71
2012,7,9,15,24.24,27.1,26.65,26.28,27.22,27.9,27.25,26.65,27.38,26.83,25.05,28.43,27.56,28.15,27.12,28.03,27.53,27.72,25.87,28.16,28.17,27.1,26.95,27.18,27.28,26.58,27.12,27.1,27.06,27.94,28.15,27.83,24.64,28.37,28.07,27.35,27.44,28.37,27.68,26.6,27.38,27.2,27.16,27.77,26.98,27.43,27.35,27.3,26.68,27.11,27.8,28.03,27.54,27.59,26.87,27.91,27.33,27.35,27.31,27.98,27.4,27.32,27.27,27.88,27.89,27.37,27.43,27.47,27.64,27.25,27.08,28.22,27.43,27.09,26.41,27.57,28.46,26.98,24.73,27.01,27.37,27.06
2012,7,9,16,24.61,28.44,25.38,27.58,28.7,28.95,28.16,27.79,28.61,27.88,23.91,29.88,28.72,28.99,25.93,29.18,28.56,28.89,24.54,29.53,29.81,27.97,27.66,28.04,25.94,27.89,28.29,26.62,28.42,28.84,29.65,28.99,24.03,29.68,29.3,28.51,28.47,29.6,28.68,28.24,28.86,28.19,25.98,29.05,28.04,28.49,28.85,28.59,27.67,28.42,29.25,29.35,28.7,28.6,27.79,29.31,26.8,28.74,28.68,28.78,28.73,28.91,27.56,29.03,29.33,28.6,28.37,28.25,28.76,28.74,28.24,29.02,29.03,27.98,24.5,28.3,30.11,27.98,24.86,28.19,28.14,27.45
2012,7,9,17,24.64,30.06,25.32,28.98,29.97,29.9,29.46,29.01,29.93,29.43,23.92,31.12,30.29,29.99,24.39,30.19,29.98,30.06,24.48,30.52,31.08,29.15,28.35,28.9,24.6,29.1,29.06,26.75,29.89,29.51,30.6,29.76,24.02,30.64,31.08,29.91,29.64,31.1,27.39,29.54,30.28,29.05,24.7,30.74,27.96,29.48,30.06,30.02,29.0,29.8,30.46,31.17,30.36,29.93,28.88,30.48,26.52,30.15,30.25,29.86,28.44,30.12,27.49,28.94,30.29,29.74,29.24,29.31,30.06,30.22,30.02,30.15,30.57,27.96,24.47,29.34,31.31,29.44,24.82,29.75,29.34,26.84
2012,7,9,18,24.9,31.26,25.1,29.59,31.4,30.69,30.64,29.95,31.03,30.53,24.75,31.71,31.39,30.63,24.91,29.93,31.26,30.87,24.87,31.1,31.87,30.26,29.12,29.42,24.66,28.11,28.07,27.25,31.14,29.81,30.8,27.56,24.55,31.09,32.2,31.09,30.32,32.0,25.85,29.83,31.37,29.81,25.19,31.95,25.79,28.52,31.53,31.13,30.2,30.71,30.9,32.39,31.53,30.92,29.91,31.29,26.46,31.26,31.54,30.67,26.12,29.12,26.94,26.69,29.42,30.4,29.93,30.1,31.31,31.53,31.38,31.12,31.75,27.58,25.25,29.74,31.91,30.6,25.09,30.81,30.46,25.32
2012,7,9,19,25.6,31.03,25.55,26.14,30.76,29.1,28.98,26.79,30.75,26.26,25.69,28.05,30.23,30.54,27.02,30.11,31.1,29.95,25.41,29.08,29.29,27.07,29.0,28.78,26.62,26.64,27.59,28.37,31.7,28.52,28.61,30.14,25.38,29.68,27.91,30.01,30.04,28.07,29.45,27.48,31.62,28.06,26.94,31.36,27.23,30.29,30.53,31.85,26.0,26.87,27.96,29.56,28.27,30.37,29.87,29.59,27.24,31.18,31.34,30.73,27.95,28.05,28.28,28.98,28.84,29.33,28.37,28.51,30.61,30.98,31.52,31.29,31.16,29.37,26.35,28.44,28.62,27.01,25.72,26.81,28.75,26.83
2012,7,9,20,26.17,31.18,25.82,27.23,31.5,28.08,28.62,27.8,29.39,27.32,26.4,29.73,29.13,29.32,26.55,30.87,31.74,30.86,25.87,29.89,30.46,27.97,25.94,27.63,27.57,27.82,28.59,28.6,32.01,29.06,30.07,29.98,25.97,30.81,28.62,30.2,30.62,29.09,27.44,28.27,31.84,28.52,26.14,30.49,28.47,28.85,31.46,31.18,27.34,27.83,29.13,29.07,28.8,30.26,27.67,30.6,26.1,31.05,31.42,29.17,29.0,29.14,28.87,29.03,30.06,29.54,28.62,28.11,31.46,31.46,31.15,31.62,31.76,26.49,26.99,29.12,30.33,27.81,26.43,27.68,28.18,28.09
2012,7,9,21,26.46,31.77,26.41,28.58,31.89,28.19,28.74,28.25,29.13,29.06,27.03,30.39,29.99,27.44,27.28,29.27,31.62,28.64,26.76,28.74,30.9,28.24,25.52,25.85,28.23,28.42,28.91,26.74,31.53,27.27,30.42,26.99,26.87,30.9,29.92,29.53,26.87,30.15,27.03,29.34,30.24,28.58,26.36,30.25,29.19,25.89,31.68,30.11,28.3,29.26,30.03,30.31,30.22,28.99,25.28,29.63,26.3,29.4,31.73,27.58,29.16,29.75,27.61,28.45,30.2,25.79,28.7,27.94,30.73,31.99,31.41,29.53,31.15,25.8,27.27,28.99,30.96,28.98,26.3,29.44,28.16,28.54
2012,7,9,22,26.64,30.55,26.67,28.83,29.51,28.7,29.34,28.73,29.72,29.29,27.08,30.5,30.46,27.77,26.99,26.22,30.45,26.38,26.77,26.35,28.51,28.83,25.9,26.1,28.03,28.92,28.78,26.19,30.08,26.8,29.63,25.66,26.9,28.2,30.06,29.34,25.65,30.17,25.73,29.25,29.34,29.13,26.4,30.73,28.96,25.64,30.49,30.08,28.78,29.32,29.8,30.65,30.54,28.78,25.43,27.06,26.48,29.41,29.69,28.2,27.92,29.03,26.9,26.4,27.81,25.76,28.99,28.67,29.03,28.6,31.3,28.21,28.93,25.92,27.23,27.97,30.52,29.46,26.6,29.54,28.8,28.56
2012,7,9,23,26.21,28.14,26.15,28.47,27.27,28.5,29.41,28.54,29.93,28.98,27.47,29.75,30.4,28.2,27.26,26.16,28.36,26.1,26.59,26.23,26.85,28.79,26.4,26.51,28.16,28.55,28.35,26.81,29.19,26.84,28.16,25.87,26.96,26.97,29.86,29.22,25.63,29.8,26.28,28.84,29.34,28.92,26.63,30.62,28.58,25.82,29.12,29.93,28.52,29.1,29.26,30.4,30.24,28.81,25.84,26.55,26.53,29.55,28.28,28.55,27.67,28.25,27.22,26.45,26.87,25.96,28.73,28.79,28.47,26.83,29.36,27.92,28.78,26.23,27.71,27.3,28.6,29.27,25.69,29.21,28.94,28.25
2012,7,10,0,25.2,27.7,25.3,27.78,27.48,28.01,28.67,27.95,29.12,28.11,26.12,28.55,29.46,28.34,26.62,25.83,27.95,25.9,25.13,26.24,26.48,28.19,26.35,26.46,27.5,27.74,27.73,26.88,28.76,26.84,27.24,25.66,25.06,26.47,28.95,28.77,25.54,29.03,25.97,28.01,29.09,28.34,25.81,29.62,27.83,25.65,28.63,29.28,27.84,28.21,28.17,29.29,29.21,28.55,25.85,26.27,25.76,29.06,28.14,28.4,27.14,27.44,27.2,26.25,26.37,25.99,28.02,28.33,28.33,27.24,28.49,28.08,28.76,25.76,27.2,26.82,27.51,28.39,24.96,28.34,28.32,27.64
2012,7,10,1,23.9,27.04,24.1,27.06,26.92,27.21,27.61,27.26,28.17,27.2,25.19,27.27,28.48,27.95,25.57,25.26,27.46,25.47,24.0,25.76,25.77,27.38,26.1,26.16,26.29,27.01,27.24,26.59,28.02,26.41,26.22,25.08,24.24,25.72,28.06,27.74,25.14,28.04,25.28,27.1,28.31,27.71,24.97,28.79,26.85,25.19,27.75,28.56,27.12,27.46,27.1,28.26,28.21,27.72,25.49,25.7,25.07,28.04,27.46,27.91,26.24,26.44,26.87,25.51,25.63,25.61,27.45,27.63,27.63,26.77,27.58,27.81,27.93,25.2,26.24,26.5,26.47,27.41,23.7,27.45,27.39,26.9
2012,7,10,2,23.15,26.26,23.62,26.27,25.98,26.59,26.64,26.48,27.0,26.57,24.51,26.17,27.3,27.32,24.92,24.84,26.79,25.23,23.28,25.35,25.29,26.66,25.72,25.78,25.34,26.24,26.67,25.8,27.12,26.0,25.35,24.66,23.4,25.23,27.34,26.9,24.92,26.8,24.82,26.08,27.29,26.96,24.4,27.79,25.87,24.81,26.75,27.57,26.44,26.42,25.99,27.46,27.19,26.93,25.02,25.39,24.55,26.92,27.13,27.18,25.45,25.57,26.2,24.91,24.95,25.22,26.81,26.86,26.84,26.22,26.71,27.32,26.9,24.7,25.3,26.08,25.68,26.51,23.28,26.79,26.64,26.03
2012,7,10,3,22.89,25.71,23.24,25.51,25.68,26.12,25.93,25.75,26.16,25.88,24.01,25.55,26.41,26.55,24.42,24.59,26.36,24.92,22.83,25.17,25.17,26.01,25.58,25.66,24.9,25.63,26.21,25.47,26.87,25.84,24.94,24.41,22.96,24.95,26.39,26.32,24.59,26.0,24.45,25.49,26.54,26.32,23.85,26.87,25.36,24.47,26.17,26.64,25.7,25.58,25.36,26.79,26.44,26.37,24.69,25.11,24.08,26.16,26.28,26.35,25.06,25.14,25.78,24.62,24.68,24.93,26.34,26.18,26.62,25.73,26.16,26.62,26.35,24.29,24.86,25.78,25.33,25.82,23.05,25.93,26.1,25.39
2012,7,10,4,22.79,25.14,22.95,24.84,25.07,25.71,25.52,25.16,25.51,25.14,23.73,24.91,25.81,25.88,24.09,24.18,25.81,24.53,22.61,24.7,24.73,25.51,25.56,25.62,24.62,25.06,25.63,25.24,26.06,25.59,24.36,24.1,22.73,24.46,25.63,25.8,24.26,25.29,24.12,24.84,26.04,25.67,23.53,26.28,24.91,24.21,25.69,26.01,25.11,24.87,24.68,26.07,25.74,25.81,24.54,24.74,23.73,25.53,25.68,25.62,24.67,24.56,25.49,24.28,24.2,24.74,25.75,25.54,26.2,24.99,25.68,26.15,25.74,24.03,24.57,25.58,24.79,25.36,22.86,25.17,25.63,24.99
2012,7,10,5,22.82,24.6,22.82,24.37,24.76,25.15,25.26,24.67,24.98,24.55,23.4,24.38,25.2,25.49,23.66,23.81,25.58,24.02,22.5,24.16,24.21,25.11,25.32,25.4,24.17,24.66,25.39,24.79,25.47,25.17,23.94,23.8,22.6,24.0,25.09,25.44,23.89,24.71,23.81,24.39,25.4,25.26,23.23,25.71,24.51,23.94,25.36,25.39,24.55,24.38,24.21,25.55,25.1,25.48,24.27,24.19,23.52,24.99,25.14,25.24,24.29,24.19,25.15,23.92,23.85,24.41,25.34,25.15,25.61,24.54,25.14,26.08,25.14,23.82,24.17,25.07,24.28,24.75,22.83,24.67,25.49,24.65
2012,7,10,6,22.98,24.15,22.56,23.86,24.29,24.89,24.82,24.26,24.54,24.01,23.11,23.9,24.75,25.18,23.24,23.5,25.17,23.74,22.34,23.67,23.69,24.68,25.11,25.15,23.72,24.27,25.09,24.38,24.87,24.87,23.55,23.48,22.49,23.65,24.49,25.09,23.63,24.15,23.44,23.9,24.72,24.87,22.84,25.21,24.06,23.65,24.78,24.85,24.08,23.83,23.73,24.97,24.57,25.02,24.06,23.8,23.18,24.53,24.88,24.88,23.88,23.75,24.78,23.53,23.5,24.15,25.07,24.73,25.18,24.12,25.16,25.67,24.5,23.5,23.79,24.87,23.84,24.24,22.93,24.09,25.03,24.27
2012,7,10,7,23.05,24.23,22.62,23.18,24.01,24.55,23.78,23.71,23.81,23.2,22.52,23.31,24.01,24.59,22.61,23.09,24.63,23.45,22.48,23.37,23.33,23.95,24.94,24.78,22.71,23.75,23.8,23.01,23.95,24.67,23.12,23.0,22.53,23.26,23.79,24.27,23.39,23.52,23.02,23.12,24.09,24.39,22.58,24.37,23.28,23.39,24.21,24.05,23.38,23.2,23.23,24.15,23.77,24.21,23.93,23.45,22.81,23.81,24.0,24.19,23.19,23.15,23.18,22.96,23.11,23.91,24.46,24.28,24.3,24.0,24.42,24.64,24.16,23.15,22.54,23.85,23.29,23.38,23.0,23.34,24.13,23.16
2012,7,10,8,23.26,23.72,22.81,22.95,23.75,24.3,23.36,23.42,23.33,22.9,22.55,23.08,23.49,24.33,22.47,22.76,24.33,23.31,22.76,23.22,23.19,23.62,24.82,24.66,22.36,23.4,23.43,22.78,23.88,24.53,22.92,22.58,22.78,23.07,23.47,23.94,23.15,23.25,22.75,22.94,23.8,24.07,22.64,23.85,23.05,23.01,23.92,23.65,23.08,22.94,23.05,23.72,23.35,24.18,23.71,23.32,22.88,23.47,24.11,24.06,22.92,23.0,22.87,22.6,22.84,23.72,24.11,23.96,24.31,23.8,24.08,24.8,23.88,22.95,22.36,23.57,23.12,23.03,23.16,23.03,23.79,22.81
2012,7,10,9,22.92,23.52,22.84,22.94,23.42,24.14,23.17,23.29,23.0,22.77,22.56,22.95,23.16,24.2,22.56,22.47,24.09,23.18,22.63,23.14,23.09,23.47,24.55,24.54,22.33,23.29,23.27,22.79,23.5,24.43,22.81,22.34,22.59,22.89,23.25,23.73,22.9,23.08,22.74,22.97,23.38,23.87,22.73,23.43,23.04,22.78,23.74,23.28,22.99,22.77,22.89,23.43,23.09,23.85,23.54,23.23,22.93,23.17,23.28,23.8,22.85,23.01,22.84,22.43,22.72,23.65,23.93,23.77,24.01,23.34,23.74,24.42,23.35,22.87,22.38,23.47,23.03,22.86,22.95,22.86,23.6,22.74
2012,7,10,10,22.93,23.13,23.05,22.75,22.96,23.91,22.94,23.07,22.81,22.63,22.47,22.88,22.97,24.08,22.55,22.34,23.87,23.07,22.83,23.16,22.93,23.24,24.38,24.53,22.35,23.09,23.19,22.79,23.18,24.33,22.75,22.29,22.55,22.86,23.14,23.38,22.73,22.99,22.8,22.63,23.02,23.7,22.8,23.19,22.84,22.63,23.31,22.97,22.8,22.55,22.59,23.28,22.95,23.65,23.45,23.12,22.99,22.85,23.19,23.72,22.58,22.52,22.78,22.3,22.52,23.52,23.77,23.56,23.72,22.91,23.42,24.18,22.91,22.74,22.47,23.31,22.97,22.71,22.88,22.73,23.32,22.63
2012,7,10,11,22.89,22.96,22.91,22.71,22.67,23.83,22.74,23.04,22.5,22.58,22.42,22.85,22.67,24.0,22.36,22.19,23.6,22.91,22.72,22.94,22.54,23.15,23.94,24.07,22.31,22.98,23.23,22.91,22.71,24.06,22.47,22.3,22.47,22.63,23.19,23.1,22.57,23.04,22.68,22.3,22.67,23.57,22.64,22.91,22.69,22.45,23.01,22.6,22.82,22.48,22.53,23.16,22.74,23.46,22.89,22.99,22.93,22.58,22.8,23.65,22.46,22.21,22.92,22.28,22.2,23.21,23.67,23.47,23.46,22.6,23.24,24.05,22.66,22.5,22.56,23.38,22.82,22.59,22.74,22.69,23.12,22.65
2012,7,10,12,23.03,23.54,22.67,22.77,23.25,23.83,23.15,23.18,23.0,22.9,22.71,23.13,23.15,24.12,22.52,22.16,24.08,22.83,22.83,23.08,22.62,23.39,23.89,23.89,22.45,23.01,23.23,23.06,23.2,23.92,22.32,22.05,22.77,22.56,23.55,23.43,22.47,23.38,22.29,22.21,23.2,23.55,22.61,23.41,22.68,22.18,23.5,23.12,23.07,22.6,22.5,23.63,23.2,23.76,22.76,22.88,22.64,23.1,23.32,23.91,22.51,22.13,23.06,22.24,22.02,23.25,23.51,23.63,23.85,23.21,23.63,24.43,23.2,22.17,22.77,23.36,23.04,22.98,22.7,22.99,23.41,22.83
2012,7,10,13,23.32,25.8,22.45,23.37,25.35,24.34,24.49,23.88,24.67,24.0,23.15,23.88,24.69,24.96,22.84,22.5,25.9,23.32,22.85,23.5,22.92,24.3,24.56,24.41,22.9,23.41,23.51,23.48,25.28,24.26,22.45,22.21,23.07,22.95,24.54,24.78,22.79,24.14,22.39,22.5,25.17,24.02,22.62,24.96,23.01,22.32,25.35,24.94,24.06,23.15,22.74,24.93,24.56,24.95,23.35,23.36,22.39,24.84,25.6,25.0,22.68,22.3,23.44,22.31,22.2,23.87,24.01,24.48,25.4,25.47,25.79,25.64,25.22,22.18,23.18,23.71,23.65,24.23,22.86,24.0,24.45,23.22
2012,7,10,14,23.94,27.47,22.42,24.14,26.95,25.11,25.67,24.65,26.08,25.14,24.08,24.12,26.2,25.85,23.18,22.53,27.16,23.56,23.12,23.97,23.31,25.23,24.77,24.8,23.48,24.0,23.99,24.09,26.88,24.55,22.92,22.22,23.88,23.27,25.56,26.04,22.89,24.76,22.46,23.12,26.73,24.63,22.68,26.59,23.56,22.42,26.87,26.52,25.06,23.83,23.22,26.34,25.99,26.02,23.66,23.69,22.36,26.3,27.24,25.93,22.91,22.88,23.98,22.44,22.74,24.3,24.56,25.27,26.65,27.08,27.47,26.75,26.8,22.26,23.95,24.13,23.78,25.47,23.1,25.02,25.45,23.74
2012,7,10,15,24.73,28.83,22.79,25.01,28.07,26.0,27.06,25.72,27.37,26.08,24.93,24.48,27.33,26.9,23.67,22.51,28.13,23.73,23.77,25.31,24.9,26.56,24.93,25.12,24.25,25.12,25.05,25.09,28.41,25.47,23.32,22.31,24.73,23.58,26.23,27.34,22.86,25.18,22.65,23.88,28.14,25.55,22.9,27.83,24.32,22.54,27.88,27.9,26.21,24.23,23.55,27.3,26.97,27.31,23.85,24.55,22.54,27.59,28.62,27.11,23.42,23.41,25.08,22.71,22.99,24.79,25.44,26.5,27.67,28.33,28.89,27.76,28.04,22.46,24.95,25.04,24.76,26.68,23.56,25.72,26.92,24.87
2012,7,10,16,25.08,30.02,23.03,25.13,29.07,26.8,27.88,26.21,28.33,26.37,26.15,24.89,28.14,27.83,24.69,22.82,29.15,23.72,24.34,25.28,25.09,27.19,25.35,25.36,25.49,25.53,26.23,26.64,29.73,25.72,23.67,22.73,25.56,23.46,26.73,28.24,23.17,25.63,23.22,24.5,29.34,26.5,23.59,28.83,24.9,22.97,28.91,29.14,26.34,24.69,24.05,27.96,27.51,28.33,24.2,24.37,22.89,28.56,29.76,28.12,24.31,24.12,26.46,23.39,23.38,24.84,26.39,27.35,28.64,29.34,30.26,28.74,29.05,22.82,26.43,26.17,24.96,27.21,23.59,26.04,27.77,25.92
2012,7,10,17,25.16,31.21,23.08,26.08,30.5,26.31,28.47,25.84,29.08,27.33,25.3,25.31,29.14,28.03,24.09,22.84,30.6,23.93,24.16,25.82,25.6,26.43,25.46,25.57,25.39,25.87,26.4,26.67,30.78,26.42,23.78,22.77,24.94,23.56,27.35,29.09,23.27,26.08,23.08,25.89,30.27,26.35,23.37,29.98,26.1,22.88,30.53,30.15,26.36,25.55,24.56,28.98,28.6,28.92,24.34,24.7,22.69,29.43,30.84,28.43,25.01,24.84,26.7,23.59,23.39,25.06,26.27,26.8,30.15,30.56,31.41,29.77,30.13,22.59,26.19,26.34,25.41,28.0,23.9,27.03,27.48,26.39
2012,7,10,18,25.65,31.97,23.38,27.54,31.25,27.15,29.3,26.63,30.23,28.2,25.45,25.78,30.13,28.52,24.12,23.11,30.4,24.44,24.39,26.05,25.99,26.84,25.98,26.24,25.06,27.03,27.16,27.26,31.7,26.85,24.07,23.09,25.33,23.93,27.72,29.29,23.88,26.42,23.3,27.02,31.4,26.91,23.58,30.97,26.9,23.33,30.06,31.15,27.23,26.28,25.06,29.63,29.42,27.68,24.89,25.1,22.82,30.57,31.83,27.82,25.3,25.26,27.47,23.74,23.72,25.64,26.96,26.76,28.96,31.69,32.04,30.08,31.29,22.85,26.18,27.08,25.87,28.76,24.56,27.73,27.5,27.19
2012,7,10,19,25.74,27.28,24.03,28.34,27.52,28.59,28.68,28.18,29.51,29.13,27.96,29.7,30.29,28.25,25.18,24.46,27.06,26.32,24.62,24.94,26.3,28.1,27.06,26.74,27.88,28.48,28.77,29.67,30.14,25.31,27.95,24.72,26.23,26.81,30.28,28.16,25.45,30.02,24.65,27.6,29.39,28.24,24.31,31.0,28.31,24.98,27.46,30.57,28.26,28.22,28.65,30.72,30.28,27.59,26.82,26.9,23.85,29.24,27.11,28.14,25.06,26.41,29.49,23.92,25.13,26.63,28.48,28.09,27.3,26.81,29.1,27.73,28.29,24.12,29.57,29.19,28.8,28.88,24.19,29.22,28.03,28.95
2012,7,10,20,26.06,26.29,23.96,28.96,27.74,28.82,28.7,28.14,29.4,28.69,26.89,29.08,29.04,28.89,24.33,24.56,28.67,25.29,24.63,24.79,25.06,28.33,26.38,25.73,26.52,28.79,28.71,29.11,28.97,25.55,26.49,24.68,26.24,24.92,30.97,28.62,25.59,31.12,24.5,28.04,29.03,28.32,24.29,28.61,27.47,25.41,28.6,29.16,28.54,28.96,28.32,29.75,28.17,28.62,26.31,25.19,24.3,29.24,27.28,28.88,24.25,25.42,29.38,24.23,24.42,25.01,28.36,28.34,28.53,26.6,27.72,28.92,28.48,24.76,28.48,28.79,26.06,28.77,24.52,28.71,28.45,29.44
2012,7,10,21,26.54,27.25,24.94,27.01,28.68,28.69,28.77,27.55,29.2,29.17,26.01,27.52,28.51,29.19,24.7,24.93,29.53,24.36,25.1,24.89,25.06,28.34,25.92,25.11,26.04,27.4,28.96,28.12,27.87,25.38,26.11,25.41,25.92,24.72,29.85,28.99,25.11,27.57,25.26,27.48,29.52,28.37,24.86,28.73,26.87,25.77,29.66,28.42,28.69,28.73,28.51,30.27,28.06,28.76,25.53,24.63,25.17,29.49,28.0,29.05,24.61,25.6,28.38,24.97,24.43,24.31,28.49,28.33,29.42,27.66,27.4,29.28,29.29,25.43,27.19,28.55,25.51,28.79,25.26,29.03,28.07,27.28
2012,7,10,22,27.14,27.58,25.21,25.23,28.86,28.02,28.23,26.92,27.52,26.92,26.55,25.41,27.83,28.58,25.59,25.28,29.62,24.53,25.84,24.88,24.98,27.98,26.47,25.53,25.24,26.2,27.86,27.62,27.74,25.44,24.69,25.73,26.69,24.48,26.2,27.25,25.25,25.89,25.75,25.56,29.07,28.22,25.53,27.66,25.3,25.98,29.3,27.78,27.36,25.77,25.56,27.1,27.68,27.8,25.97,24.67,25.57,28.22,28.08,28.26,24.89,24.61,27.46,25.46,24.78,24.67,28.26,27.57,29.31,28.31,27.06,29.31,29.12,25.84,26.81,28.41,24.7,28.29,25.8,26.12,27.38,25.92
2012,7,10,23,26.33,27.56,24.06,24.37,27.33,28.11,27.61,25.76,27.08,24.79,26.17,24.11,27.3,27.81,25.47,25.59,28.58,25.05,24.58,24.88,24.89,27.19,26.61,25.96,25.48,25.27,26.06,26.55,27.19,25.48,24.33,25.77,25.97,24.71,24.72,26.53,25.64,24.33,25.44,24.34,27.57,27.34,24.47,26.19,25.03,26.07,27.1,26.8,25.34,24.17,24.05,25.17,26.12,26.77,26.12,24.91,24.16,26.88,27.66,27.43,25.32,25.0,26.32,25.31,25.21,25.18,27.88,27.54,27.38,27.31,26.96,28.64,26.93,25.25,26.1,28.08,24.43,26.04,25.2,24.54,27.27,25.25
2012,7,11,0,25.66,26.58,23.62,24.19,25.81,27.15,26.13,24.82,25.99,24.07,25.75,24.28,25.43,27.45,24.2,25.11,27.17,25.06,24.0,24.88,24.87,25.77,25.19,25.85,25.22,24.63,25.21,25.86,26.4,25.59,24.39,24.36,25.33,24.71,23.94,26.45,25.31,23.9,23.55,24.4,26.11,26.17,23.22,24.91,24.66,25.02,25.53,26.01,24.43,23.88,24.18,24.54,24.6,26.54,25.27,24.88,23.75,26.32,25.91,27.28,24.19,24.62,25.63,24.17,24.84,25.18,26.51,27.0,26.28,25.84,26.04,28.22,25.6,24.48,25.82,26.59,24.55,24.5,24.56,23.99,26.38,24.96
2012,7,11,1,24.9,25.69,23.29,23.87,24.74,26.21,24.74,24.44,24.72,23.75,25.14,23.91,24.3,27.13,23.65,24.33,26.35,24.49,23.59,24.45,24.36,25.02,24.61,25.0,24.58,24.32,24.88,25.3,25.47,25.26,23.97,23.72,24.77,24.23,23.88,25.7,24.63,23.76,23.24,23.96,25.4,25.46,23.02,24.28,24.25,24.51,24.65,24.91,24.02,23.67,23.84,24.27,24.0,26.22,24.48,24.39,23.43,25.26,25.11,26.91,23.67,24.09,25.18,23.36,24.16,24.41,25.63,26.24,25.99,24.68,25.7,27.63,24.77,24.03,25.41,25.22,24.12,23.93,23.83,23.74,25.49,24.73
2012,7,11,2,24.42,24.82,23.0,23.39,24.09,25.01,23.72,23.88,23.89,23.26,24.56,23.58,23.8,26.5,23.24,23.84,25.38,24.02,23.23,24.08,23.96,24.35,24.45,24.77,23.97,23.89,24.53,24.69,24.46,25.03,23.62,23.32,24.25,23.86,23.58,24.53,24.09,23.46,22.98,23.55,24.25,24.92,22.81,23.8,23.76,24.01,24.05,24.13,23.47,23.32,23.49,23.85,23.52,25.3,24.01,23.97,23.12,24.16,24.12,25.98,23.19,23.66,24.72,22.93,23.68,24.02,24.98,25.3,25.3,23.94,24.78,26.85,24.03,23.6,24.87,24.45,23.76,23.34,23.55,23.33,24.11,24.28
2012,7,11,3,24.06,23.81,22.85,23.05,23.42,24.3,23.51,23.55,23.56,22.94,24.19,23.21,23.47,25.44,23.06,23.47,24.89,23.63,23.05,23.81,23.57,24.05,24.3,24.54,23.7,23.6,24.39,24.47,23.55,24.9,23.21,23.06,23.89,23.5,23.36,23.55,23.65,23.2,22.81,23.14,23.68,24.45,22.68,23.54,23.49,23.58,23.57,23.76,23.22,23.0,23.1,23.55,23.21,24.26,23.62,23.6,22.9,23.7,23.16,25.14,22.91,23.18,24.5,22.74,23.24,23.65,24.4,24.67,24.55,23.19,23.64,26.24,23.42,23.23,24.58,24.19,23.38,23.08,23.34,23.02,23.81,24.11
2012,7,11,4,23.75,22.95,22.66,22.91,22.74,24.2,23.26,23.44,23.23,22.76,23.97,23.11,23.23,24.76,22.92,23.22,24.58,23.32,22.88,23.64,23.41,23.77,24.29,24.47,23.51,23.53,24.21,24.23,22.99,24.79,23.09,22.86,23.64,23.3,23.25,23.31,23.31,23.1,22.68,22.96,23.1,24.43,22.57,23.33,23.32,23.29,23.09,23.48,23.04,22.87,22.98,23.36,23.0,23.8,23.4,23.35,22.73,23.2,22.73,24.24,22.77,22.98,24.3,22.61,23.05,23.44,24.32,24.35,24.17,22.61,22.93,25.48,22.95,23.0,24.32,24.03,23.27,22.9,23.09,22.85,23.51,23.98
2012,7,11,5,23.47,22.59,22.42,22.76,22.42,24.11,22.77,23.26,22.57,22.68,23.65,22.91,22.9,24.39,22.73,22.92,24.2,22.94,22.66,23.23,23.13,23.45,24.2,24.27,23.24,23.35,24.03,23.97,22.53,24.29,22.86,22.63,23.34,23.0,23.0,22.54,22.9,22.86,22.5,22.73,22.59,24.21,22.38,23.12,23.1,22.88,22.68,22.6,22.88,22.59,22.71,23.16,22.88,23.51,23.07,23.02,22.46,22.46,22.49,23.88,22.64,22.75,24.04,22.52,22.85,23.12,24.17,24.03,23.78,22.33,22.55,24.93,22.48,22.64,24.0,23.89,23.05,22.7,22.83,22.65,23.13,23.7
2012,7,11,6,23.29,22.44,22.28,22.55,22.3,23.87,22.58,22.92,22.35,22.44,23.46,22.7,22.68,24.08,22.73,22.79,23.89,22.68,22.55,22.83,22.88,23.2,24.09,23.91,23.13,23.01,23.8,23.94,22.19,24.09,22.64,22.6,23.17,22.76,22.83,22.32,22.64,22.7,22.52,22.6,22.37,23.85,22.34,22.91,22.97,22.64,22.48,22.38,22.72,22.45,22.54,22.98,22.61,23.22,22.84,22.76,22.34,22.28,22.34,23.62,22.71,22.67,23.9,22.67,22.77,22.82,24.03,23.68,23.45,22.22,22.37,24.54,22.37,22.45,23.8,23.77,22.83,22.52,22.62,22.47,22.85,23.46
2012,7,11,7,22.65,22.56,22.25,22.57,22.41,23.77,22.47,22.98,22.32,22.36,23.22,22.37,22.57,24.08,22.76,22.58,23.4,22.59,22.39,22.8,22.59,23.12,24.57,24.41,23.14,23.22,23.91,23.83,22.33,24.14,22.46,22.53,22.79,22.52,22.66,22.71,22.55,22.37,22.54,22.71,22.44,23.87,22.41,22.78,23.12,22.59,22.69,22.35,22.53,22.44,22.45,23.01,22.65,23.3,23.08,22.59,22.35,22.33,22.53,23.76,22.9,22.75,23.91,22.65,22.65,23.0,24.0,23.63,23.27,22.38,22.51,23.97,22.35,22.45,23.54,24.12,22.48,22.3,22.43,22.52,22.97,23.49
2012,7,11,8,22.64,22.41,22.34,22.74,22.41,23.75,22.49,23.05,22.32,22.54,23.2,22.21,22.6,24.12,22.79,22.46,23.33,22.49,22.44,22.79,22.46,23.15,24.59,24.39,23.23,23.27,23.81,23.83,22.25,24.21,22.31,22.47,22.78,22.33,22.73,22.7,22.48,22.39,22.55,22.88,22.37,23.81,22.47,22.74,23.3,22.57,22.67,22.36,22.68,22.62,22.5,22.96,22.73,23.34,23.06,22.49,22.43,22.31,22.31,23.89,23.0,22.81,23.92,22.65,22.55,22.93,23.83,23.63,23.3,22.28,22.37,24.0,22.35,22.48,23.53,23.99,22.28,22.41,22.47,22.69,22.97,23.59
2012,7,11,9,22.52,22.3,22.37,22.61,22.36,23.73,22.36,23.05,22.28,22.52,23.17,22.12,22.57,24.09,22.82,22.43,23.18,22.43,22.42,22.82,22.39,23.02,24.65,24.4,23.25,23.27,23.59,23.63,22.11,24.21,22.27,22.47,22.72,22.26,22.81,22.56,22.44,22.36,22.58,22.83,22.14,23.8,22.5,22.43,23.11,22.59,22.62,22.24,22.61,22.66,22.51,23.02,22.74,23.2,23.11,22.4,22.48,22.15,22.18,23.76,22.98,22.8,23.61,22.67,22.55,22.9,23.77,23.51,23.19,22.19,22.23,23.64,22.24,22.53,23.49,23.68,22.17,22.39,22.42,22.73,22.76,23.39
2012,7,11,10,22.4,22.17,22.37,22.47,22.26,23.48,22.33,22.88,22.18,22.51,23.18,22.02,22.15,23.9,22.9,22.39,22.93,22.45,22.37,22.85,22.38,22.93,24.7,24.44,23.29,22.9,23.13,23.38,22.1,24.22,22.18,22.47,22.66,22.22,22.69,22.42,22.48,22.26,22.61,22.72,22.14,23.58,22.52,22.12,22.98,22.63,22.47,21.99,22.51,22.6,22.45,22.8,22.56,22.88,23.21,22.41,22.53,22.12,22.1,23.52,22.94,22.79,23.13,22.69,22.51,22.93,23.51,23.33,22.89,22.11,22.07,23.23,22.19,22.59,23.41,23.26,22.1,22.4,22.41,22.69,22.65,23.07
2012,7,11,11,22.36,22.18,22.4,22.32,22.18,23.32,22.3,22.76,22.16,22.39,22.97,21.97,22.01,23.47,22.78,22.35,22.64,22.48,22.29,22.86,22.37,22.87,24.72,24.4,23.13,22.42,22.93,23.2,22.15,24.22,22.15,22.43,22.47,22.22,22.61,22.28,22.53,22.18,22.57,22.41,22.15,23.29,22.45,21.81,22.39,22.71,22.31,21.93,22.5,22.51,22.37,22.56,22.31,22.65,23.25,22.4,22.63,22.12,22.15,23.19,22.74,22.49,22.94,22.62,22.41,22.91,23.35,23.14,22.6,22.05,22.2,23.01,22.15,22.7,23.23,23.2,22.09,22.35,22.42,22.55,22.56,22.44
2012,7,11,12,22.5,22.29,22.5,22.17,22.31,23.36,22.58,22.52,22.4,22.63,22.72,22.4,22.33,23.5,22.63,22.57,22.78,22.86,22.34,23.3,22.88,23.03,24.94,24.64,22.93,22.28,22.85,23.01,22.2,24.52,22.45,22.61,22.39,22.55,22.85,22.51,22.92,22.49,22.68,22.24,22.39,23.1,22.47,22.15,22.29,23.04,22.45,22.07,22.56,22.58,22.49,22.84,22.64,22.74,23.59,22.8,22.81,22.4,22.16,23.24,22.75,22.49,22.99,22.59,22.56,23.29,23.23,23.26,22.86,22.24,22.09,23.19,22.42,22.97,22.85,23.24,22.57,22.63,22.55,22.73,22.85,22.47
2012,7,11,13,22.95,22.57,22.98,22.36,22.97,23.6,23.0,22.65,22.66,22.89,22.62,23.21,22.71,24.03,22.63,23.1,23.38,24.28,22.69,24.89,24.57,23.22,25.53,25.61,22.86,22.5,23.2,23.2,22.44,25.87,22.8,23.12,22.52,23.33,23.46,23.09,24.12,23.18,23.07,22.32,22.62,23.32,22.75,22.65,22.51,23.87,23.07,22.46,22.74,22.85,22.76,23.35,23.04,23.37,24.51,24.41,23.31,22.82,22.49,23.89,22.71,22.54,23.24,22.71,22.68,24.68,23.41,23.64,23.45,22.82,22.18,23.89,22.95,23.55,22.92,23.46,23.75,22.92,23.21,23.12,23.17,22.83
2012,7,11,14,23.33,22.79,23.49,22.74,23.65,24.33,23.45,23.01,23.22,23.4,22.75,23.83,23.47,25.23,22.91,23.98,24.32,25.61,23.07,26.54,26.23,23.43,26.01,26.39,23.09,22.93,23.62,23.44,22.72,27.07,23.2,24.04,22.75,24.24,24.03,23.75,25.35,23.78,23.87,22.53,22.94,23.63,23.27,23.34,22.99,25.03,24.03,23.01,23.13,22.99,22.95,24.04,23.78,24.23,25.37,25.95,23.95,23.23,22.8,24.9,23.09,22.73,23.57,23.28,23.13,26.04,23.96,24.01,24.38,23.27,22.27,25.13,23.45,24.43,23.12,23.7,24.88,23.42,23.67,23.56,23.6,23.31
2012,7,11,15,24.0,23.42,24.17,23.07,23.85,24.51,24.1,23.32,24.61,24.03,23.91,24.3,24.95,25.15,23.74,23.9,24.3,24.95,24.0,27.36,27.05,23.67,26.28,26.69,23.71,23.38,24.01,23.95,23.53,27.69,23.53,23.89,23.86,24.34,24.61,23.72,24.69,23.97,24.13,22.69,23.8,23.88,24.03,24.84,23.45,24.81,24.04,24.35,23.49,22.95,22.88,25.2,25.01,24.02,25.55,25.8,24.5,23.9,23.41,24.57,23.24,22.8,23.94,23.34,23.25,26.13,24.2,23.93,24.31,23.69,22.96,25.2,23.72,24.79,23.93,23.96,25.38,24.21,24.37,24.16,23.6,23.79
2012,7,11,16,24.81,24.22,25.16,23.78,25.02,25.0,24.25,24.01,24.5,24.04,25.27,24.64,24.95,25.75,25.4,24.79,25.66,25.76,25.44,28.35,27.43,24.06,26.85,27.0,24.83,24.02,24.4,24.25,24.18,28.5,23.96,24.88,25.28,24.91,23.92,25.02,25.43,23.84,25.14,23.22,24.4,24.59,25.25,24.72,23.84,25.4,25.51,24.76,24.18,23.01,23.31,24.53,24.45,24.95,26.26,26.5,25.11,24.59,24.0,25.31,24.24,23.36,24.24,24.83,24.02,26.97,24.78,24.5,25.68,24.61,23.6,26.07,24.84,25.28,24.63,24.16,25.66,24.26,25.09,23.68,24.13,24.05
2012,7,11,17,26.62,24.34,26.45,24.17,26.12,25.31,25.49,25.17,25.28,24.99,26.76,24.92,24.86,25.89,26.78,24.95,27.3,24.43,26.75,27.47,26.71,25.44,26.25,25.69,26.14,24.55,24.85,24.7,24.66,27.45,24.34,25.38,26.84,24.58,23.87,26.47,24.55,24.16,25.94,23.56,25.1,25.19,26.03,24.66,24.35,25.32,26.85,25.21,25.43,23.43,23.87,24.3,24.53,26.42,25.32,25.0,26.07,25.83,24.14,26.02,25.44,24.1,24.64,26.04,24.88,24.83,25.16,25.32,27.2,25.01,23.94,27.27,25.67,25.79,25.49,24.61,25.5,25.12,26.91,24.03,25.67,24.53
2012,7,11,18,28.24,24.44,26.25,23.67,26.36,25.69,24.93,24.98,24.6,23.87,27.25,25.78,24.19,26.85,26.24,26.47,28.65,25.57,26.89,25.95,26.45,25.34,27.12,26.29,26.43,24.64,25.34,25.02,25.36,26.74,26.0,26.41,27.36,26.26,24.28,25.86,25.86,24.93,26.49,23.99,25.22,25.93,25.93,24.12,24.83,26.73,27.2,24.91,24.48,23.78,24.97,24.22,24.21,26.88,26.42,25.61,26.46,25.36,24.98,27.12,25.86,24.99,25.01,26.06,26.08,25.38,25.66,26.17,28.16,24.85,25.05,28.52,25.81,26.93,25.91,25.13,26.26,24.51,27.82,23.79,25.25,24.83
2012,7,11,19,26.49,24.01,24.34,25.46,24.66,26.71,24.0,24.88,24.2,24.95,25.3,26.46,24.64,26.02,23.89,24.49,26.26,25.06,24.51,27.08,26.46,24.3,26.64,26.98,24.56,25.9,26.76,26.41,23.75,27.9,24.7,24.14,25.36,24.57,27.35,24.41,24.8,27.71,23.89,25.7,24.3,25.98,23.6,25.06,25.84,24.72,25.06,24.34,24.48,26.57,25.81,26.22,25.0,24.59,25.71,25.57,23.91,24.28,23.86,25.33,24.16,24.23,26.65,23.86,24.23,26.43,26.51,25.0,25.47,24.45,23.58,26.31,24.53,24.28,25.35,27.44,25.46,24.33,26.06,25.74,24.2,26.07
2012,7,11,20,27.25,24.94,24.66,24.68,26.09,26.81,24.99,24.64,25.48,25.39,26.59,24.34,25.81,26.61,24.99,24.77,26.81,25.78,25.34,27.67,27.21,24.76,25.46,25.88,24.9,25.01,25.31,26.15,24.69,26.95,23.94,24.56,26.51,24.96,26.38,25.29,25.2,25.35,24.28,24.19,25.6,25.47,24.29,26.07,24.21,24.95,26.09,25.54,24.61,25.05,24.14,26.62,25.98,25.56,24.97,26.47,24.07,25.56,24.78,26.16,23.76,23.59,25.44,24.09,23.92,25.89,25.84,25.54,26.16,25.65,24.21,26.87,25.87,24.48,26.38,25.8,25.44,25.19,26.02,25.84,24.71,24.89
2012,7,11,21,24.68,24.48,24.67,24.21,25.97,26.76,25.97,25.32,26.36,25.66,25.17,24.77,26.38,27.29,24.49,25.5,27.71,25.76,24.88,26.68,27.69,25.69,25.81,25.87,24.47,24.73,25.35,25.76,25.1,26.22,24.81,24.82,25.15,26.01,25.23,26.26,25.26,24.57,24.37,23.75,25.56,25.93,24.22,26.11,23.85,25.04,26.92,26.16,25.44,24.51,24.21,25.99,26.36,26.7,25.37,26.83,24.68,25.88,24.4,27.0,23.96,23.84,25.51,24.42,24.65,25.66,26.1,26.25,27.3,24.74,24.57,27.82,25.52,24.83,25.34,25.47,26.31,26.1,24.17,25.16,25.58,24.5
2012,7,11,22,23.64,24.76,24.18,23.9,24.78,25.7,24.8,24.36,25.2,24.92,24.0,25.74,24.87,27.0,24.11,24.51,27.43,24.71,23.81,25.96,27.04,24.8,25.6,25.85,24.3,24.11,24.97,25.45,24.83,26.23,25.49,24.25,23.65,25.38,24.83,24.56,24.56,24.99,24.12,23.94,24.88,25.24,24.1,24.86,24.09,24.76,25.48,24.95,24.42,24.27,24.83,25.15,24.82,26.03,25.17,25.9,24.71,24.98,24.47,26.89,24.21,24.35,25.48,24.29,24.96,25.47,25.58,25.87,26.73,24.17,24.56,27.89,24.25,24.89,24.45,25.34,26.85,24.77,23.8,24.45,24.69,24.48
2012,7,11,23,23.73,24.86,23.93,23.55,25.1,25.64,24.56,23.8,24.09,23.72,23.24,25.31,23.99,26.98,23.32,23.55,27.43,24.14,23.41,25.62,25.79,24.37,25.69,25.81,23.85,23.91,24.84,24.43,24.38,26.42,24.1,23.7,23.21,23.68,24.94,24.7,24.2,25.21,23.59,23.88,24.37,24.57,23.27,24.02,23.96,24.44,25.73,23.67,23.66,24.4,24.71,24.71,23.89,26.0,25.17,24.9,23.99,24.36,24.53,26.86,23.89,24.03,24.86,23.46,23.69,25.22,25.19,25.47,26.63,24.52,24.61,27.83,24.48,24.36,23.7,25.21,24.95,24.39,24.32,23.89,24.71,24.25
2012,7,12,0,24.21,24.03,24.05,23.25,24.69,24.91,23.69,23.49,23.41,23.12,23.31,24.03,23.71,25.04,23.1,23.35,26.71,24.08,23.6,25.43,25.54,23.76,25.31,25.51,23.23,23.62,24.21,23.83,22.98,26.21,23.23,23.43,23.43,23.4,24.8,24.64,24.06,24.61,23.41,23.61,23.41,24.14,23.24,24.01,23.69,24.13,25.47,23.29,23.22,23.93,23.78,24.67,23.72,25.02,24.75,24.77,23.96,23.77,23.85,24.83,23.56,23.54,24.06,23.18,23.15,24.91,24.4,24.2,25.63,24.09,23.82,26.02,24.01,24.12,23.44,24.77,24.38,23.3,24.63,23.71,24.12,23.74
2012,7,12,1,23.9,23.24,23.72,22.24,23.97,24.44,23.32,22.78,22.95,22.45,23.03,23.24,23.36,24.56,22.85,23.2,25.7,23.76,23.4,25.02,24.97,23.46,25.11,25.31,22.89,22.79,23.48,23.43,22.31,25.77,22.79,23.32,23.2,23.1,23.91,24.01,23.74,23.75,23.32,22.67,22.59,23.65,23.06,23.64,22.91,23.9,24.71,23.0,22.58,23.17,23.21,23.82,23.22,24.47,24.34,24.29,23.68,22.87,22.57,24.59,22.95,22.96,23.52,23.0,22.88,24.57,23.93,23.95,24.7,23.46,22.42,25.4,23.33,23.82,23.0,24.17,23.73,22.9,24.3,22.66,23.87,23.14
2012,7,12,2,23.62,22.4,23.43,21.83,23.29,24.16,22.76,22.34,22.4,22.04,22.8,22.91,22.48,24.31,22.64,23.13,25.12,23.59,23.17,24.47,24.42,23.01,24.88,24.97,22.7,22.36,23.49,23.33,22.03,25.23,22.68,23.25,22.93,22.97,23.42,23.1,23.59,23.32,23.18,22.12,22.25,23.4,22.87,22.93,22.47,23.71,24.0,22.63,22.18,22.8,22.92,22.88,22.34,24.0,24.05,23.91,23.43,22.23,21.97,24.22,22.75,22.61,23.39,22.83,22.77,24.17,23.75,23.57,24.33,22.68,21.81,25.04,22.45,23.58,22.87,23.96,23.39,22.36,23.96,22.17,23.42,22.59
2012,7,12,3,23.52,22.19,23.25,21.68,22.83,23.87,22.09,22.2,21.89,21.85,22.62,22.81,21.97,23.92,22.47,23.12,24.58,23.47,23.06,24.18,24.0,22.63,24.83,24.87,22.57,22.17,23.36,23.31,21.95,25.05,22.54,23.15,22.83,23.06,23.16,22.69,23.43,23.06,23.09,22.07,22.02,23.23,22.78,22.2,22.5,23.54,23.48,22.09,21.99,22.6,22.71,22.66,22.05,23.54,23.85,23.7,23.27,21.91,21.85,23.78,22.68,22.53,23.33,22.73,22.7,23.98,23.61,23.34,23.89,22.32,21.73,24.51,22.16,23.4,22.74,23.75,23.34,22.01,23.71,22.01,22.96,22.56
2012,7,12,4,23.44,21.94,23.14,21.75,22.47,23.63,22.0,22.22,21.81,21.85,22.5,22.82,21.89,23.68,22.37,23.03,24.2,23.37,22.98,23.88,23.7,22.52,24.84,24.86,22.43,22.33,23.45,23.28,21.92,24.83,22.49,23.03,22.8,23.02,22.92,22.43,23.3,22.89,22.98,22.12,21.9,23.2,22.72,22.07,22.55,23.37,23.13,21.86,21.96,22.42,22.52,22.63,22.04,23.22,23.72,23.54,23.13,21.83,21.76,23.52,22.65,22.46,23.35,22.64,22.64,23.84,23.54,23.13,23.61,21.98,21.78,24.21,21.95,23.2,22.6,23.63,23.24,21.97,23.51,22.04,22.64,22.76
2012,7,12,5,23.1,21.81,22.94,21.89,22.15,23.46,22.05,22.26,21.8,21.86,22.55,22.76,21.88,23.44,22.42,22.97,23.74,23.22,22.85,23.66,23.45,22.49,24.81,24.78,22.47,22.53,23.39,23.26,21.9,24.69,22.54,22.96,22.77,23.0,22.75,22.24,23.15,22.78,22.91,22.32,21.86,23.12,22.7,22.19,22.74,23.22,22.71,21.8,22.03,22.36,22.47,22.63,22.02,22.9,23.55,23.33,22.97,21.79,21.75,23.21,22.76,22.58,23.3,22.68,22.71,23.66,23.42,22.92,23.23,21.82,21.74,23.89,21.87,23.04,22.56,23.52,23.11,21.97,23.2,22.01,22.49,22.82
2012,7,12,6,22.86,21.81,22.71,21.84,22.03,23.3,22.11,22.26,21.86,21.88,22.52,22.69,22.06,23.3,22.4,22.86,23.52,23.09,22.68,23.5,23.23,22.46,24.79,24.73,22.45,22.58,23.32,23.1,21.88,24.56,22.5,22.82,22.6,22.9,22.7,22.21,22.99,22.71,22.76,22.38,21.85,23.07,22.53,22.35,22.74,23.03,22.52,21.86,22.03,22.3,22.46,22.63,22.16,22.79,23.4,23.18,22.75,21.82,21.79,23.11,22.71,22.57,23.2,22.62,22.69,23.54,23.33,22.85,23.07,21.79,21.73,23.75,21.88,22.81,22.52,23.43,22.98,22.01,22.95,21.99,22.45,22.81
2012,7,12,7,23.01,22.54,22.58,22.01,22.7,23.4,22.4,22.39,22.22,22.14,22.38,22.25,22.27,23.67,22.01,22.21,23.79,22.68,22.41,23.51,22.91,22.65,24.73,24.71,22.01,22.46,23.24,23.02,22.08,24.61,22.16,22.13,22.5,22.38,22.3,22.87,22.46,22.22,22.17,22.03,22.27,23.13,22.08,22.36,22.16,22.49,23.02,22.2,22.16,21.98,22.06,22.46,22.28,23.35,23.1,22.87,22.51,22.45,22.36,23.56,21.99,22.01,23.1,21.93,22.07,23.39,23.41,23.09,23.51,22.54,22.23,24.05,22.72,22.45,22.42,23.36,22.46,22.15,23.02,22.11,22.75,22.47
2012,7,12,8,22.86,22.51,22.61,22.03,22.76,23.39,22.47,22.45,22.35,22.17,22.06,22.16,22.46,23.65,21.87,22.06,23.72,22.52,22.21,23.36,22.76,22.65,24.43,24.33,21.87,22.44,23.19,22.95,22.01,24.24,22.07,22.0,22.31,22.24,22.24,22.94,22.27,22.14,22.07,21.92,22.32,23.13,22.02,22.59,22.05,22.31,23.06,22.29,22.23,21.99,22.03,22.52,22.45,23.34,22.85,22.72,22.49,22.56,22.27,23.62,21.82,21.89,23.04,21.82,21.98,23.24,23.43,23.09,23.53,22.57,22.25,24.04,22.79,22.35,22.33,23.32,22.3,22.23,22.94,22.13,22.71,22.33
2012,7,12,9,22.43,22.15,22.66,21.89,22.66,23.46,22.44,22.41,22.36,22.08,21.99,21.99,22.4,23.5,21.6,21.88,23.53,22.34,22.12,23.15,22.6,22.62,24.12,24.0,21.69,22.37,23.16,23.0,21.95,23.9,21.89,21.88,21.88,22.05,22.19,22.93,22.14,22.1,22.01,21.76,22.27,23.18,21.89,22.54,21.97,22.2,22.93,22.25,22.17,21.88,21.92,22.43,22.35,23.38,22.64,22.58,22.51,22.51,22.08,23.59,21.65,21.69,23.05,21.68,21.8,23.05,23.42,23.12,23.42,22.51,21.76,24.0,22.74,22.32,22.28,23.3,22.12,22.2,22.88,22.07,22.75,22.25
2012,7,12,10,22.51,22.08,22.65,21.8,22.7,23.24,22.37,22.31,22.36,21.91,21.6,21.95,22.31,23.09,21.41,21.81,23.3,22.27,22.04,23.08,22.56,22.54,24.07,23.96,21.44,22.26,23.1,22.95,21.9,23.96,21.82,21.85,21.84,21.97,22.06,22.94,22.15,22.02,22.03,21.67,22.22,23.06,21.78,22.27,21.82,22.29,22.9,22.19,22.12,21.79,21.79,22.27,22.19,23.27,22.66,22.49,22.6,22.41,21.97,23.26,21.44,21.55,23.05,21.42,21.69,22.94,23.26,22.97,23.31,22.58,21.71,23.68,22.64,22.43,22.01,23.3,22.08,22.15,22.79,21.84,22.65,22.12
2012,7,12,11,22.52,21.95,22.52,21.71,22.84,22.91,22.31,22.27,22.34,21.85,21.62,22.0,22.29,22.91,21.36,21.72,23.23,22.16,22.02,23.07,22.52,22.47,24.02,24.01,21.29,22.17,23.02,22.86,21.92,24.11,21.73,21.8,21.92,21.91,21.97,22.94,22.14,21.99,21.95,21.49,22.22,23.06,21.72,22.2,21.59,22.27,23.0,22.18,22.1,21.65,21.61,22.2,22.16,23.14,22.64,22.39,22.56,22.32,21.88,23.0,21.21,21.31,22.99,21.23,21.43,22.75,23.18,22.73,23.25,22.47,21.69,23.53,22.46,22.47,21.79,23.25,22.11,22.11,22.67,21.77,22.45,22.05
2012,7,12,12,22.68,21.94,22.55,21.55,22.51,22.53,22.3,22.31,22.3,21.74,21.79,22.2,22.2,22.7,21.55,21.93,23.46,22.47,22.18,23.17,22.6,22.49,24.24,24.04,21.35,22.13,22.95,22.8,21.93,23.99,21.89,21.94,22.1,22.14,21.98,22.52,22.34,22.14,22.02,21.29,22.22,23.0,21.91,22.16,21.44,22.48,22.78,22.16,22.08,21.52,21.61,22.18,22.02,22.97,22.91,22.51,22.56,22.19,21.9,22.8,21.25,21.24,22.9,21.43,21.53,23.04,22.93,22.54,23.37,22.31,21.71,23.76,22.25,22.58,21.77,23.23,22.29,22.07,22.76,21.64,22.35,21.99
2012,7,12,13,23.14,22.01,23.36,21.42,22.57,22.52,22.39,22.32,22.25,21.59,22.14,22.77,22.08,22.84,21.96,22.49,23.79,23.43,22.7,24.17,23.62,22.58,24.97,24.9,21.76,22.11,22.88,23.05,21.96,25.43,22.3,22.48,22.41,22.82,22.39,22.63,23.18,22.61,22.58,21.23,22.35,22.92,22.45,22.14,21.62,23.26,22.76,22.13,22.01,21.52,21.86,22.29,21.91,23.0,24.14,23.68,23.46,22.43,22.02,22.97,21.55,21.41,23.04,21.9,21.9,24.25,22.82,22.56,23.43,22.38,21.78,24.14,22.47,23.43,22.16,23.24,23.15,21.92,23.54,21.54,22.51,22.12
2012,7,12,14,24.18,22.14,24.57,21.74,22.68,23.0,22.7,22.46,22.32,21.9,22.64,24.13,22.16,23.68,22.47,23.7,24.49,24.6,23.56,25.37,24.64,22.89,25.79,25.68,22.31,22.24,22.99,23.3,22.06,26.47,23.49,23.74,23.07,24.04,23.46,23.03,24.58,23.9,23.77,21.57,22.54,23.04,23.45,22.42,21.94,24.89,23.1,22.16,22.34,22.18,22.87,22.95,22.07,23.43,25.39,24.69,24.86,22.8,22.18,23.72,22.2,22.16,23.22,22.54,22.89,25.18,23.09,22.97,23.81,22.59,21.83,25.01,22.91,25.02,22.77,23.31,24.27,22.2,24.74,22.0,22.86,22.28
2012,7,12,15,25.52,22.33,26.2,21.91,22.82,23.58,22.91,22.53,22.62,22.1,23.19,25.54,22.61,24.51,23.37,25.43,25.11,26.58,24.89,26.67,25.96,23.09,27.1,27.03,22.69,22.44,23.25,23.54,22.22,27.38,24.82,25.4,24.01,25.72,24.2,22.86,26.59,24.9,25.32,21.91,22.79,23.42,24.83,23.18,22.32,26.78,23.26,22.47,22.42,22.6,23.52,23.69,22.45,23.72,27.19,26.43,26.53,22.88,22.56,24.32,22.63,22.64,23.52,23.72,24.02,26.94,23.68,23.43,24.33,22.64,22.06,25.94,22.87,26.81,22.9,23.46,25.72,22.46,26.46,22.32,23.11,22.61
2012,7,12,16,26.34,23.11,27.56,22.29,23.4,24.13,23.25,22.8,23.31,22.57,23.92,27.23,23.41,25.51,24.49,27.28,26.35,28.36,26.17,28.42,28.0,23.16,28.06,28.08,23.34,22.73,23.41,23.67,22.66,28.55,26.59,26.97,25.02,27.73,25.54,23.74,28.24,26.32,26.65,22.32,23.32,23.79,26.11,24.32,22.67,28.09,24.53,23.38,22.63,23.42,24.85,24.88,23.21,24.71,28.45,28.38,27.79,23.41,22.92,25.15,23.6,23.6,23.67,25.3,25.76,28.43,23.99,23.89,25.75,23.43,22.34,26.95,23.33,27.98,23.33,23.48,27.6,22.77,27.54,23.06,23.47,22.91
2012,7,12,17,26.72,23.04,28.3,22.72,24.31,24.69,23.32,23.1,23.65,23.14,24.67,28.53,23.99,26.64,25.41,28.47,27.49,29.6,27.21,29.55,29.36,23.56,28.85,28.91,23.96,22.99,23.65,23.86,23.29,29.32,28.06,28.14,25.69,29.02,27.1,24.42,29.53,27.82,27.77,23.3,23.76,24.15,27.29,25.35,23.31,29.4,25.64,24.13,22.98,24.69,26.37,26.28,23.97,25.93,29.52,29.63,28.92,23.84,23.22,26.56,24.31,24.61,23.88,26.26,26.92,29.46,24.49,24.87,26.88,23.59,22.71,28.02,23.93,29.15,23.67,23.97,28.95,23.09,27.77,24.04,23.89,23.31
2012,7,12,18,26.02,24.11,27.43,22.74,25.06,25.62,23.71,23.45,24.12,23.37,25.27,29.63,24.49,27.55,26.66,29.69,28.22,30.61,27.19,30.32,30.31,24.1,29.81,29.82,24.93,23.24,24.1,24.48,24.27,29.9,29.0,29.45,25.85,30.12,27.36,24.5,30.55,28.47,29.06,23.19,24.69,24.63,28.28,26.0,23.67,30.42,25.94,24.86,23.21,24.71,26.82,26.66,24.41,26.14,30.56,30.51,28.69,24.46,24.26,27.26,25.25,25.16,24.31,27.47,27.93,30.42,25.14,25.62,27.82,24.68,23.34,28.99,24.89,29.87,24.42,24.83,30.2,23.44,27.2,24.05,24.32,23.63
2012,7,12,19,26.24,24.47,28.34,23.11,24.51,26.73,23.54,23.28,23.85,23.42,25.61,26.28,23.98,28.28,27.15,27.51,26.29,30.23,27.37,31.1,30.78,23.62,29.92,30.42,25.18,23.31,24.03,25.13,23.59,30.54,25.67,28.25,26.29,27.14,24.39,23.51,29.24,25.14,28.46,23.49,24.17,24.56,28.16,24.43,24.08,28.59,25.19,23.73,23.39,23.64,24.55,24.49,23.98,24.96,28.67,30.49,28.95,23.92,24.19,27.63,25.62,24.67,24.71,27.14,26.15,30.98,25.58,26.24,26.78,24.34,23.92,27.01,24.14,28.17,24.88,24.88,27.27,23.56,26.79,23.43,23.57,24.0
2012,7,12,20,26.82,24.67,26.44,23.59,24.55,26.12,23.6,23.21,24.28,23.98,27.17,25.7,24.63,26.85,26.65,27.55,25.8,27.63,26.15,31.2,30.7,23.11,29.97,29.76,25.63,23.69,24.47,25.63,23.92,30.32,25.91,27.93,27.41,26.87,24.7,23.34,27.07,25.05,27.93,23.83,24.36,24.23,26.82,25.18,24.49,27.31,24.57,24.4,23.3,23.86,24.82,25.09,24.66,24.31,28.67,29.32,27.3,24.09,24.25,26.18,26.01,25.08,25.19,27.63,26.65,29.88,25.06,24.87,24.47,24.19,24.46,26.32,24.09,27.24,26.26,25.12,26.84,23.91,25.45,23.9,23.04,24.47
2012,7,12,21,25.73,25.21,25.55,23.91,24.77,26.12,23.66,23.68,24.71,24.19,26.53,26.02,24.79,26.26,26.46,27.49,25.74,26.65,25.72,30.17,28.06,23.23,29.9,29.92,25.64,24.17,25.06,25.88,24.01,29.81,26.6,27.53,26.76,27.05,25.03,23.85,26.23,25.45,27.13,24.12,24.77,24.91,25.93,24.5,24.58,26.8,24.83,24.51,23.31,24.18,25.25,24.93,24.72,24.15,29.35,27.55,25.8,24.58,24.73,25.48,26.25,25.5,25.49,27.81,27.31,29.46,25.49,24.8,24.92,24.58,24.78,26.39,24.54,26.75,25.73,25.7,26.06,23.92,24.53,24.15,23.03,24.52
2012,7,12,22,24.23,25.28,24.56,24.0,24.32,25.5,23.22,23.46,24.71,23.96,25.36,26.31,24.96,25.89,26.08,26.6,25.79,26.15,24.63,28.38,26.12,23.0,28.03,29.38,25.47,24.06,25.16,26.02,23.98,29.27,26.56,26.56,24.83,26.27,25.46,23.52,25.86,25.92,26.16,24.56,24.72,25.02,25.39,24.72,24.63,26.2,24.39,24.66,22.97,24.65,25.76,25.13,24.76,24.32,27.19,26.26,24.79,24.54,24.7,25.1,26.11,25.83,25.65,27.09,27.24,28.97,25.57,24.65,24.83,24.53,24.7,26.39,24.49,25.48,25.23,25.8,25.56,23.36,23.94,24.25,23.12,24.3
2012,7,12,23,24.11,24.47,23.53,23.75,23.96,24.79,22.81,23.14,23.57,23.22,24.71,26.42,23.84,25.17,25.01,24.7,25.7,25.3,23.56,27.31,25.37,22.84,26.81,27.59,25.09,23.85,25.16,25.65,23.64,28.48,26.47,24.8,23.9,24.84,25.42,23.52,24.86,26.1,24.61,24.82,23.85,24.6,23.84,24.19,24.66,24.46,24.12,23.77,22.62,24.88,25.96,24.82,24.03,24.02,25.26,25.56,23.61,23.87,23.97,24.68,25.79,25.9,25.67,25.97,26.38,27.09,25.07,24.05,24.8,23.91,23.85,26.0,24.12,23.74,25.13,25.66,25.03,22.67,24.04,24.05,22.84,24.31
2012,7,13,0,23.87,23.81,23.17,23.33,23.58,24.19,22.82,23.24,23.31,22.99,24.11,24.99,23.57,24.5,24.16,23.74,25.35,23.78,23.19,25.79,24.96,22.96,25.78,26.58,24.55,23.53,24.61,24.92,23.11,26.99,24.47,23.64,23.45,24.06,24.88,23.38,23.31,25.46,23.72,24.27,23.44,24.26,23.29,23.96,24.15,23.43,23.94,23.42,22.81,24.45,25.12,24.57,23.72,23.67,24.64,24.64,23.26,23.68,23.44,24.08,24.96,25.07,24.93,24.9,25.12,25.46,24.44,23.46,24.49,23.41,23.35,25.66,23.77,23.36,24.6,24.46,24.42,22.73,23.83,23.77,22.84,23.94
2012,7,13,1,23.72,23.21,22.88,22.43,23.09,23.92,22.42,22.51,22.46,22.3,23.63,24.42,22.81,24.14,23.46,23.38,24.61,23.66,22.89,25.41,24.54,22.51,25.16,25.77,23.98,22.62,23.78,24.39,22.32,26.45,23.91,23.02,23.13,23.59,24.41,22.98,23.27,24.85,23.06,23.52,22.71,23.48,22.84,23.57,23.55,23.13,23.5,22.87,22.26,23.71,24.43,24.14,23.05,23.24,24.34,24.22,22.89,22.81,22.79,23.68,24.32,24.41,24.33,24.12,24.51,25.06,23.76,23.12,23.74,22.9,22.8,24.64,22.76,23.02,24.0,23.82,23.91,22.14,23.59,23.11,22.55,23.34
2012,7,13,2,23.29,22.85,22.53,21.9,22.8,23.43,22.28,22.22,22.18,21.84,23.03,23.91,22.3,23.76,22.94,22.93,24.17,23.29,22.55,24.84,24.01,22.38,24.73,25.14,23.33,22.25,23.54,23.91,22.15,25.81,23.51,22.64,22.73,23.14,23.83,22.69,22.89,24.19,22.72,22.99,22.38,23.17,22.54,23.12,23.11,22.76,23.17,22.49,21.98,23.12,23.78,23.62,22.54,22.97,23.9,23.75,22.56,22.37,22.43,23.36,23.78,23.88,23.89,23.58,23.94,24.54,23.4,22.8,23.55,22.52,22.56,24.31,22.45,22.66,23.45,23.57,23.54,21.91,23.18,22.59,22.43,22.97
2012,7,13,3,22.79,22.52,22.26,21.56,22.51,23.16,22.21,22.02,22.0,21.5,22.47,23.43,22.03,23.29,22.53,22.62,23.84,22.95,22.24,24.34,23.62,22.3,24.57,24.85,22.71,22.11,23.48,23.49,21.95,25.31,23.06,22.39,22.23,22.8,23.39,22.51,22.6,23.75,22.47,22.56,22.11,23.02,22.3,22.74,22.6,22.5,22.84,22.18,21.77,22.65,23.27,23.17,22.08,22.76,23.6,23.36,22.36,22.11,22.2,22.96,23.27,23.46,23.54,23.13,23.5,24.11,23.22,22.59,23.25,22.24,22.32,23.99,22.21,22.44,22.99,23.55,23.21,21.75,22.73,22.18,22.37,22.62
2012,7,13,4,22.42,22.21,22.0,21.37,22.22,23.02,22.15,21.81,21.89,21.2,22.08,23.03,21.82,23.1,22.07,22.27,23.55,22.65,21.92,23.89,23.34,22.24,24.43,24.56,22.18,21.92,23.12,23.12,21.89,24.86,22.71,22.09,21.9,22.48,22.99,22.42,22.33,23.28,22.13,22.22,21.95,22.85,21.98,22.4,22.16,22.27,22.6,22.0,21.56,22.32,22.82,22.81,21.75,22.67,23.31,23.05,22.1,21.99,21.98,22.83,22.78,22.93,23.14,22.57,22.98,23.7,23.08,22.57,23.04,21.97,22.06,23.78,22.01,22.2,22.62,23.28,22.89,21.55,22.37,21.86,22.3,22.18
2012,7,13,5,22.22,22.01,21.86,21.11,22.06,23.01,22.06,21.84,21.8,21.05,21.83,22.72,21.69,23.0,21.77,22.08,23.29,22.48,21.74,23.57,23.06,22.23,24.26,24.26,21.79,21.77,22.95,22.88,21.83,24.51,22.43,21.92,21.77,22.3,22.67,22.37,22.18,22.83,21.91,21.91,21.88,22.89,21.73,22.22,21.81,22.1,22.45,21.9,21.38,22.03,22.44,22.57,21.69,22.6,23.05,22.85,21.93,21.95,21.88,22.78,22.33,22.51,22.9,22.21,22.59,23.37,23.11,22.62,22.88,21.8,21.94,23.55,21.93,22.01,22.25,23.15,22.67,21.36,22.18,21.63,22.29,21.98
2012,7,13,6,22.09,22.02,21.71,20.97,22.02,22.9,21.95,21.55,21.67,20.82,21.72,22.49,21.49,22.83,21.54,21.91,22.9,22.42,21.58,23.37,22.8,22.09,24.22,24.17,21.7,21.57,22.71,22.65,21.8,24.35,22.17,21.76,21.66,22.18,22.42,22.3,22.12,22.56,21.72,21.7,21.85,22.64,21.5,22.0,21.74,22.01,22.3,21.77,21.19,21.78,22.17,22.28,21.45,22.44,22.95,22.73,21.79,21.94,21.92,22.59,22.13,22.23,22.69,21.96,22.29,23.22,22.95,22.47,22.65,21.83,21.96,23.3,21.97,21.89,22.03,22.96,22.44,21.15,22.02,21.4,22.23,21.9
2012,7,13,7,21.84,22.22,21.55,20.57,22.21,23.14,21.78,21.27,21.47,20.65,21.32,22.35,21.27,23.48,21.03,21.88,22.97,22.35,21.33,23.0,22.71,21.91,23.77,23.73,21.06,21.21,22.12,22.02,21.51,24.06,22.06,21.56,21.35,22.26,21.94,22.35,22.16,22.14,21.39,20.75,21.76,22.34,21.22,21.43,21.08,22.05,22.41,21.39,21.01,21.06,21.72,21.75,21.13,22.83,22.57,22.56,21.68,21.87,21.89,23.19,21.11,21.32,22.03,21.21,21.87,22.71,22.8,22.6,22.97,22.02,21.92,23.72,21.98,21.88,21.51,22.56,22.45,21.0,21.83,20.8,22.2,21.43
2012,7,13,8,21.92,22.27,21.66,20.44,22.38,22.88,21.48,21.14,21.17,20.57,21.37,22.13,21.06,23.21,21.06,21.8,22.99,22.19,21.45,22.8,22.54,21.6,23.75,23.62,20.96,21.1,22.04,21.97,21.31,23.88,21.88,21.61,21.42,22.08,21.74,22.29,22.08,21.89,21.55,20.56,21.62,22.16,21.29,21.31,20.88,21.99,22.58,21.09,20.86,20.9,21.5,21.66,21.04,22.71,22.43,22.39,21.74,21.71,21.86,22.89,21.07,21.12,21.95,21.27,21.74,22.54,22.58,22.23,22.9,22.11,21.87,23.48,22.01,21.87,21.47,22.41,22.24,20.8,21.93,20.74,21.9,21.26
2012,7,13,9,22.02,22.23,21.73,20.09,22.42,22.61,21.17,20.75,20.92,20.26,21.42,21.89,20.9,22.89,21.18,21.69,22.94,22.09,21.58,22.62,22.36,21.25,23.79,23.55,20.95,20.78,21.8,21.9,21.18,23.71,21.77,21.59,21.54,21.94,21.52,22.1,22.03,21.69,21.58,20.38,21.45,21.84,21.42,21.23,20.7,21.99,22.59,20.94,20.47,20.72,21.36,21.45,20.85,22.4,22.37,22.24,21.78,21.47,21.82,22.53,21.02,21.02,21.82,21.25,21.63,22.41,22.3,21.89,22.73,22.12,21.83,23.24,21.94,21.9,21.43,22.22,22.02,20.49,22.03,20.52,21.57,21.06
2012,7,13,10,22.12,22.33,21.78,19.93,22.39,22.52,20.98,20.63,20.75,20.06,21.49,21.8,20.79,22.69,21.32,21.51,22.9,21.96,21.69,22.58,22.35,21.12,23.79,23.51,21.12,20.73,21.82,21.86,21.03,23.63,21.69,21.42,21.68,21.81,21.34,21.88,21.89,21.57,21.52,20.32,21.29,21.78,21.47,21.16,20.78,21.79,22.53,20.84,20.27,20.59,21.29,21.24,20.68,22.14,22.24,22.14,21.74,21.27,21.71,22.32,21.13,21.03,21.81,21.28,21.59,22.33,22.25,21.75,22.61,22.12,21.76,23.02,21.78,21.79,21.46,22.18,21.95,20.33,22.12,20.33,21.4,21.13
2012,7,13,11,22.13,22.18,21.63,19.8,22.21,22.46,20.8,20.56,20.51,19.85,21.56,21.68,20.55,22.57,21.43,21.43,22.75,21.88,21.63,22.58,22.35,21.04,23.7,23.38,21.3,20.72,21.87,21.95,20.84,23.61,21.55,21.36,21.71,21.71,21.17,21.61,21.76,21.42,21.44,20.25,21.06,21.78,21.41,20.94,20.88,21.61,22.31,20.65,20.13,20.49,21.2,21.0,20.43,21.95,22.18,22.11,21.54,21.02,21.53,22.25,21.27,21.02,21.92,21.39,21.55,22.33,22.26,21.73,22.35,21.97,21.59,22.84,21.53,21.59,21.52,22.22,21.95,20.13,22.1,20.15,21.28,21.24
2012,7,13,12,22.29,21.94,21.88,20.39,22.16,22.62,21.02,20.89,20.81,20.35,21.84,22.37,20.9,22.51,21.74,22.19,22.3,22.56,21.88,23.17,22.75,21.28,23.86,23.8,21.63,21.05,22.09,22.17,21.05,24.14,22.12,21.98,21.93,22.41,21.7,21.63,22.38,22.04,21.88,20.93,21.24,22.01,21.71,21.27,21.33,22.23,22.0,21.01,20.53,21.14,21.77,21.45,20.85,22.0,22.6,22.72,21.83,21.16,21.53,22.33,21.71,21.61,22.15,21.85,22.04,22.9,22.48,21.91,22.11,21.87,21.49,22.72,21.56,21.92,21.73,22.51,22.55,20.51,22.3,20.72,21.41,21.52
2012,7,13,13,22.9,21.85,23.06,21.82,22.0,22.98,22.09,21.95,22.06,22.02,22.51,24.0,22.37,22.56,22.55,23.29,22.14,23.91,22.81,24.89,23.88,22.27,25.03,25.21,22.41,21.9,22.57,22.79,21.8,25.64,23.75,23.08,22.6,23.57,23.86,22.06,23.73,23.96,22.99,22.16,21.93,22.62,22.75,22.86,22.2,23.6,21.89,22.31,21.93,22.86,23.38,23.36,22.49,22.26,24.25,24.0,23.15,21.94,21.63,22.55,22.46,22.65,22.74,22.74,23.23,24.75,22.92,22.55,22.04,21.8,21.56,22.58,21.84,23.31,22.44,23.06,23.5,21.97,23.16,22.5,22.2,22.24
2012,7,13,14,24.03,22.04,24.38,23.27,21.96,23.77,23.1,22.65,23.34,23.38,23.78,25.79,23.87,22.75,23.73,24.78,22.0,25.6,24.17,26.57,25.63,22.93,26.09,26.45,23.71,22.94,23.41,23.69,22.99,26.99,25.59,24.47,23.95,25.3,25.78,22.59,25.5,25.96,24.3,23.84,22.99,23.17,24.02,24.43,23.66,25.28,21.9,23.77,22.81,24.53,25.34,25.15,24.09,22.52,25.93,25.8,24.5,22.96,22.19,22.79,23.86,24.44,23.73,24.16,25.02,26.42,23.57,23.06,21.94,21.98,22.04,22.34,22.43,24.8,23.57,24.12,25.29,23.12,24.35,24.16,22.89,23.53
2012,7,13,15,24.74,23.0,25.62,25.26,22.58,24.77,24.9,24.59,25.13,25.59,24.85,27.5,25.74,23.46,25.16,26.56,22.21,27.15,25.38,28.08,27.53,24.65,27.09,27.56,24.91,24.64,24.68,24.46,24.58,28.14,27.26,26.14,24.98,27.06,27.65,23.58,26.9,27.72,25.87,25.7,24.47,24.37,25.42,26.18,25.0,26.66,22.31,25.49,25.07,26.47,27.09,27.13,26.13,23.17,27.08,27.47,25.79,24.4,23.44,23.45,25.55,26.09,24.65,25.85,26.67,27.67,24.49,24.01,22.27,22.9,23.3,22.73,23.63,26.08,24.43,25.15,27.13,25.38,25.52,26.25,24.32,24.54
2012,7,13,16,24.89,23.7,26.93,26.95,23.19,25.9,26.57,26.54,26.74,27.52,25.86,29.1,27.29,24.63,26.92,28.16,22.69,28.76,26.62,29.57,29.35,26.52,28.34,28.76,26.37,26.27,25.82,24.82,25.91,29.3,28.7,27.89,25.87,28.55,29.32,24.92,28.56,29.28,27.6,27.2,25.8,26.08,27.08,27.67,26.51,28.28,23.04,26.88,27.05,28.18,28.59,28.76,27.74,24.49,28.65,29.17,27.46,25.86,24.59,24.75,27.2,27.67,25.24,27.63,28.18,29.2,25.91,25.69,23.06,23.59,24.5,23.34,24.8,27.78,25.04,26.07,28.82,27.22,25.71,27.97,25.96,25.73
2012,7,13,17,24.8,25.46,28.14,27.76,25.32,26.64,28.05,27.37,28.13,28.92,25.6,30.13,28.55,26.13,27.49,29.59,24.35,30.24,27.11,30.7,30.64,27.81,29.4,29.59,26.41,26.07,25.72,25.21,27.21,30.22,29.79,29.25,25.53,30.0,30.41,26.74,29.95,30.41,28.91,28.05,27.37,26.69,28.23,28.98,26.52,29.76,25.19,28.03,28.32,29.13,29.65,30.11,29.12,26.27,29.99,30.52,28.97,27.61,26.32,26.41,27.65,28.51,25.47,28.75,29.33,30.21,26.45,27.08,24.98,25.63,25.91,24.94,26.78,29.3,25.13,26.28,30.1,28.58,25.65,29.16,27.53,25.5
2012,7,13,18,25.6,26.75,27.32,27.18,27.02,27.43,28.5,26.64,28.67,28.48,26.02,30.71,28.84,26.77,28.34,30.67,25.57,31.14,26.97,31.46,31.61,27.83,29.92,30.13,27.39,26.14,26.55,25.97,28.15,30.75,30.6,30.34,26.03,30.94,30.46,28.0,30.96,30.77,29.61,28.45,28.4,27.04,28.82,29.3,27.74,30.63,26.94,28.61,27.43,29.23,30.24,30.15,29.1,27.17,30.73,31.44,29.47,28.66,27.72,27.01,29.04,29.51,26.38,29.71,30.36,30.97,27.06,27.5,26.2,27.27,27.2,25.57,28.31,29.91,25.6,27.2,30.95,28.41,25.55,28.89,28.01,26.42
2012,7,13,19,24.07,28.48,24.48,26.67,27.77,26.54,27.65,26.67,28.03,28.26,24.81,31.54,28.82,26.87,25.22,28.24,26.77,31.22,24.42,31.77,32.09,27.27,30.43,30.82,25.26,25.86,26.33,26.12,28.66,31.02,29.18,27.88,24.36,30.36,30.1,27.5,30.53,30.6,27.3,26.52,28.42,26.82,25.68,29.66,25.48,29.69,27.48,28.71,27.41,28.11,28.09,30.18,29.18,27.33,30.88,31.74,26.39,28.02,28.67,27.31,25.35,25.77,26.8,25.89,26.23,31.52,26.62,27.12,27.39,28.18,28.79,27.19,28.29,28.45,25.15,26.57,31.76,28.07,24.12,28.65,27.24,26.37
2012,7,13,20,23.86,28.24,24.08,26.34,27.61,27.21,27.99,26.42,28.63,28.55,24.26,30.93,29.29,27.29,25.3,27.87,27.11,30.24,24.01,30.85,31.42,27.4,28.59,29.65,25.42,25.55,26.43,25.46,28.71,30.27,27.08,28.48,23.87,28.66,30.6,27.53,29.7,30.4,27.64,25.23,28.66,26.96,25.39,30.03,25.07,28.8,27.51,29.19,27.5,27.69,26.67,30.79,29.51,27.37,27.65,30.85,25.01,28.35,28.43,27.48,25.5,24.95,25.94,26.69,25.9,29.97,27.14,27.3,27.45,27.92,28.52,27.5,28.23,26.53,24.79,27.12,31.5,28.44,24.07,28.96,27.33,25.71
2012,7,13,21,24.63,28.46,24.33,25.06,28.07,27.96,28.11,26.2,28.67,27.38,23.97,30.35,29.04,27.91,25.34,27.83,27.51,27.8,24.12,30.5,31.18,27.48,28.46,29.08,25.15,25.71,26.76,25.81,29.06,29.98,26.49,28.16,23.85,27.27,30.26,27.81,26.98,30.1,27.23,24.87,28.91,27.3,25.25,29.85,25.23,27.15,27.93,29.37,26.68,26.41,26.15,30.17,28.9,27.66,26.58,30.14,25.13,28.6,28.67,27.83,26.09,25.4,26.25,27.29,26.47,28.94,27.66,27.6,27.72,28.23,28.65,27.89,28.52,25.99,24.61,27.62,30.63,28.05,24.81,27.49,27.59,25.52
2012,7,13,22,25.13,28.4,25.16,24.8,28.44,27.98,27.88,25.95,28.67,25.44,24.47,28.5,28.59,28.15,25.74,26.32,28.19,26.33,24.82,29.56,30.05,27.1,28.46,29.0,25.52,25.72,26.69,26.05,29.0,29.66,26.56,26.96,24.44,26.92,27.14,28.09,26.01,28.02,26.94,25.2,28.95,27.15,25.58,28.79,25.76,26.61,28.4,29.25,25.76,25.99,26.12,27.34,27.23,27.93,26.93,27.7,25.7,28.7,28.48,28.0,26.25,25.79,26.35,27.1,26.51,27.75,27.48,27.61,28.27,28.43,28.22,28.4,28.77,26.25,24.89,27.46,28.54,26.5,25.26,26.13,27.59,25.77
2012,7,13,23,25.64,28.11,25.6,24.94,28.2,27.78,27.29,25.82,27.92,24.97,25.17,27.36,26.84,28.16,26.0,25.75,28.13,25.77,25.36,26.56,27.13,26.87,28.5,28.72,25.64,25.56,26.29,26.0,28.63,28.23,26.12,26.37,25.17,26.24,26.43,27.79,25.69,27.25,26.85,25.47,28.49,27.01,25.97,27.24,25.67,26.56,28.15,28.56,25.72,25.97,25.84,26.38,25.63,27.8,26.86,26.46,26.08,28.39,28.24,28.06,26.33,25.86,26.14,26.8,26.09,27.22,27.26,27.58,28.07,28.15,28.1,28.45,28.43,26.51,25.24,27.0,27.35,25.81,25.56,25.66,27.25,25.58
2012,7,14,0,25.47,26.89,25.55,24.74,27.02,27.13,26.2,25.45,26.54,24.59,25.22,26.61,25.81,27.63,25.68,25.27,27.56,25.47,25.36,25.45,26.49,26.17,27.85,27.37,25.61,25.2,25.97,25.82,27.1,26.12,25.78,25.6,25.24,25.78,26.12,26.79,25.47,26.43,26.24,25.21,27.02,26.45,25.74,26.3,25.35,26.12,27.26,27.11,25.22,25.76,25.73,25.9,25.05,26.99,26.57,25.74,25.87,27.06,26.87,27.47,25.76,25.51,25.88,25.53,25.59,26.35,26.76,26.89,27.33,26.81,26.79,28.05,27.07,26.14,25.24,26.47,26.72,25.07,25.36,25.24,26.32,25.35
2012,7,14,1,24.95,25.75,24.97,24.24,26.09,26.39,25.68,24.83,25.86,24.32,24.85,26.09,25.33,26.78,25.19,24.99,26.72,25.22,24.8,24.93,26.01,25.56,27.1,26.34,25.12,24.67,25.48,25.38,26.1,25.55,25.43,25.12,24.74,25.54,25.54,26.14,25.09,25.86,25.58,24.68,26.24,25.8,25.17,25.75,24.86,25.48,26.46,26.38,24.67,25.07,25.21,25.46,24.81,26.26,25.89,25.48,25.28,26.29,25.88,26.62,25.24,25.04,25.45,25.14,25.16,25.42,26.07,26.17,26.43,25.65,25.8,27.16,26.0,25.49,24.86,25.95,26.28,24.7,24.83,24.73,25.72,24.89
2012,7,14,2,24.55,25.16,24.47,23.62,25.43,25.74,24.95,24.08,25.03,23.7,24.34,25.48,24.64,26.03,24.51,24.4,25.81,24.69,24.29,24.56,25.33,24.79,26.31,25.7,24.46,24.02,24.89,24.87,25.52,25.23,24.9,24.37,24.25,25.05,24.87,25.7,24.46,25.19,24.74,24.07,25.62,25.09,24.5,25.18,24.2,24.67,25.73,25.63,23.9,24.41,24.63,24.89,24.23,25.59,25.1,24.92,24.7,25.52,25.3,25.82,24.5,24.39,24.92,24.42,24.53,24.79,25.43,25.41,25.7,25.11,25.21,26.29,25.47,24.76,24.4,25.34,25.64,23.97,24.42,24.08,25.13,24.32
2012,7,14,3,24.18,24.59,24.0,23.23,24.74,25.24,24.27,23.65,24.36,23.27,23.98,24.99,24.19,25.42,24.01,24.04,25.22,24.32,23.9,24.1,24.78,24.2,25.76,25.23,24.01,23.66,24.48,24.53,25.03,24.97,24.48,23.9,23.91,24.64,24.51,25.04,24.02,24.74,24.11,23.63,25.03,24.59,23.94,24.86,23.81,24.13,25.02,25.24,23.43,23.91,24.18,24.59,23.81,25.03,24.59,24.59,24.07,24.71,24.81,25.14,24.08,23.95,24.53,23.97,24.15,24.25,24.96,24.77,25.12,24.58,24.64,25.48,24.85,24.11,24.06,24.92,25.1,23.49,24.05,23.65,24.5,23.93
2012,7,14,4,24.0,24.13,23.83,23.07,24.21,24.85,23.91,23.42,23.97,23.16,23.78,24.49,23.99,25.02,23.67,23.77,24.77,23.73,23.74,23.9,24.31,23.9,25.41,24.88,23.66,23.43,24.17,24.3,24.57,24.65,24.06,23.56,23.76,24.19,24.26,24.56,23.69,24.34,23.72,23.4,24.52,24.28,23.63,24.59,23.53,23.77,24.53,24.67,23.23,23.59,23.81,24.44,23.72,24.7,24.2,23.88,23.83,24.19,24.35,24.79,23.75,23.66,24.25,23.64,23.86,23.91,24.63,24.44,24.78,24.09,24.21,25.03,24.32,23.77,23.84,24.56,24.55,23.33,23.81,23.49,24.14,23.65
2012,7,14,5,23.65,23.73,23.49,22.91,23.71,24.51,23.57,23.2,23.71,23.01,23.53,24.11,23.84,24.59,23.33,23.5,24.25,23.39,23.41,23.84,24.01,23.59,24.95,24.52,23.37,23.22,23.9,24.04,24.29,24.63,23.73,23.27,23.47,23.86,23.95,24.08,23.34,24.0,23.38,23.18,24.19,24.0,23.29,24.43,23.31,23.47,24.04,24.42,23.02,23.31,23.48,24.22,23.58,24.38,23.77,23.58,23.51,23.8,23.96,24.39,23.48,23.4,23.97,23.37,23.59,23.63,24.32,24.1,24.45,23.66,23.85,24.56,23.87,23.46,23.61,24.28,24.14,23.13,23.47,23.28,23.77,23.4
2012,7,14,6,23.44,23.45,23.3,22.81,23.4,24.2,23.41,23.01,23.56,22.98,23.29,23.85,23.75,24.22,23.06,23.36,23.74,23.33,23.23,23.75,23.83,23.43,24.57,24.41,23.15,23.02,23.63,23.8,24.0,24.5,23.49,23.09,23.26,23.66,23.78,23.77,23.19,23.81,23.13,23.02,23.94,23.66,23.03,24.24,23.15,23.2,23.68,24.19,22.94,23.2,23.3,24.06,23.53,24.01,23.42,23.51,23.25,23.59,23.66,24.05,23.3,23.2,23.72,23.18,23.37,23.5,23.97,23.82,24.08,23.39,23.53,24.11,23.61,23.15,23.39,24.02,23.86,23.08,23.3,23.24,23.56,23.22
2012,7,14,7,22.83,23.07,22.67,22.6,22.92,23.72,23.0,22.66,23.02,22.71,22.87,23.27,23.23,23.83,22.77,23.02,23.42,22.94,22.66,23.49,23.52,23.02,24.19,24.05,22.82,22.65,23.17,23.41,23.52,24.34,23.12,22.89,22.75,23.21,23.2,23.1,22.77,23.11,22.91,22.86,23.2,23.12,22.63,23.58,22.85,22.85,23.11,23.48,22.66,22.95,23.03,23.39,23.09,23.37,22.94,23.22,22.73,22.99,23.17,23.55,23.1,23.03,23.3,23.04,23.12,23.14,23.42,23.26,23.46,22.84,23.33,23.98,22.98,22.7,22.99,23.64,23.4,22.77,22.69,22.91,23.08,22.85
2012,7,14,8,22.66,22.84,22.43,22.48,22.59,23.42,22.86,22.48,22.94,22.61,22.67,23.13,23.15,23.41,22.58,22.84,23.02,22.92,22.42,23.48,23.45,22.82,23.93,23.98,22.67,22.51,23.0,23.23,23.35,24.35,22.89,22.72,22.55,23.05,23.0,22.86,22.66,22.92,22.72,22.7,23.07,22.86,22.4,23.45,22.7,22.66,22.77,23.34,22.52,22.77,22.82,23.24,22.99,23.02,22.8,23.21,22.46,22.83,22.99,23.1,22.92,22.81,23.11,22.85,22.86,23.14,23.14,22.91,23.11,22.55,23.18,23.53,22.75,22.46,22.84,23.44,23.33,22.66,22.56,22.77,22.86,22.71
2012,7,14,9,22.44,22.71,22.21,22.34,22.36,22.96,22.69,22.35,22.73,22.4,22.45,23.05,22.91,22.89,22.4,22.77,22.53,22.97,22.17,23.3,23.33,22.67,23.83,23.78,22.53,22.4,22.8,22.95,23.2,23.82,22.83,22.62,22.31,23.04,22.76,22.65,22.66,22.74,22.54,22.53,22.94,22.59,22.18,23.19,22.6,22.56,22.48,23.13,22.38,22.55,22.66,22.97,22.76,22.71,22.76,23.19,22.2,22.67,22.91,22.52,22.78,22.66,22.82,22.71,22.74,23.1,22.71,22.55,22.75,22.42,23.04,22.98,22.62,22.25,22.65,22.96,23.3,22.48,22.41,22.54,22.71,22.58
2012,7,14,10,22.21,22.69,22.02,22.24,22.29,23.35,22.64,22.24,22.63,22.29,22.26,23.03,22.8,23.1,22.26,22.75,22.24,23.06,21.99,23.32,23.27,22.62,23.79,23.79,22.45,22.31,22.55,22.7,23.15,23.76,22.79,22.54,22.11,23.07,22.62,22.61,22.74,22.67,22.39,22.42,22.89,22.37,21.98,23.06,22.53,22.5,22.38,23.06,22.3,22.43,22.56,22.82,22.64,22.59,22.79,23.2,21.97,22.58,22.88,22.86,22.68,22.53,22.55,22.59,22.65,23.19,22.9,22.61,22.54,22.39,23.01,23.0,22.58,22.08,22.52,22.98,23.26,22.36,22.29,22.41,22.75,22.52
2012,7,14,11,22.14,22.65,21.98,22.08,22.1,22.8,22.42,22.05,22.46,22.17,22.16,22.91,22.71,23.2,22.21,22.83,22.06,22.92,21.92,23.23,23.04,22.45,23.77,23.81,22.39,22.14,22.5,22.34,23.13,23.79,22.8,22.55,21.99,23.1,22.51,22.43,22.7,22.56,22.34,22.26,22.8,22.14,21.91,23.01,22.43,22.46,22.15,23.01,22.13,22.3,22.46,22.72,22.57,22.61,22.83,23.12,21.9,22.38,22.88,22.91,22.64,22.45,22.27,22.63,22.7,23.24,22.76,22.29,22.37,22.24,23.02,23.08,22.42,21.99,22.38,22.47,23.1,22.21,22.16,22.3,22.61,22.38
2012,7,14,12,22.24,22.91,22.13,22.5,22.4,22.98,22.89,22.42,23.01,22.65,22.42,23.36,23.22,23.12,22.62,23.03,22.58,23.0,22.13,23.32,23.14,22.79,24.0,23.96,22.68,22.46,22.68,22.72,23.55,23.73,23.27,22.93,22.22,23.28,23.02,22.77,22.82,23.11,22.81,22.67,23.3,22.48,22.27,23.45,22.74,22.82,22.39,23.49,22.55,22.78,23.04,23.16,23.06,22.68,23.12,23.21,22.2,22.95,23.17,22.73,23.0,22.91,22.59,23.12,23.17,23.41,22.73,22.64,22.53,22.59,23.24,23.11,22.87,22.4,22.57,22.87,23.3,22.71,22.29,22.77,22.88,22.61
2012,7,14,13,23.47,23.56,23.16,23.95,23.48,24.42,24.43,23.95,24.65,24.12,23.62,24.0,24.6,24.33,23.81,23.55,24.36,23.54,23.07,23.56,23.49,24.23,24.82,24.4,24.05,23.89,24.13,24.01,24.87,24.05,23.88,23.67,23.26,23.66,23.96,24.19,23.51,23.85,23.82,24.03,24.77,24.04,23.3,24.64,24.18,23.82,23.7,24.79,24.15,23.92,23.9,24.23,24.34,23.95,24.24,23.57,23.46,24.6,24.12,24.1,24.17,24.01,24.12,23.99,23.88,23.91,24.14,24.05,23.85,23.53,23.99,24.36,24.39,23.69,23.79,24.34,23.61,24.27,23.44,24.0,24.16,24.09
2012,7,14,14,24.44,24.28,24.71,25.36,24.0,24.99,25.89,25.24,25.82,25.39,24.91,25.15,25.51,25.14,24.97,24.31,25.16,24.15,24.62,24.2,24.21,25.65,25.49,24.88,25.07,24.98,24.94,24.96,26.08,24.46,24.82,24.49,24.62,24.21,25.28,25.3,24.18,25.21,24.9,25.28,25.92,24.89,24.74,25.48,25.23,24.68,24.4,25.86,25.65,25.19,25.05,25.27,25.27,25.0,25.02,24.14,24.91,25.84,25.18,25.1,25.02,24.98,25.0,24.81,24.74,24.5,24.89,25.17,24.88,24.25,25.06,25.36,25.26,24.88,24.89,25.05,24.36,25.59,24.44,25.13,25.67,25.03
2012,7,14,15,25.45,24.96,26.06,26.26,24.77,25.87,27.25,26.43,26.97,26.54,25.66,25.93,26.8,26.17,25.81,25.03,26.17,25.01,25.77,24.85,24.77,27.01,26.14,25.35,25.85,26.08,25.94,25.89,27.03,25.05,25.46,25.2,25.54,24.86,26.86,26.63,25.08,26.47,25.64,25.97,26.81,26.0,25.74,26.92,26.04,25.49,25.36,27.04,26.85,26.36,26.01,26.92,26.62,26.43,25.92,24.88,25.98,26.99,25.99,26.34,25.77,25.61,25.93,25.56,25.31,25.23,25.86,26.41,26.08,24.94,25.94,26.49,26.1,25.78,25.73,25.9,24.88,26.77,25.6,26.45,27.18,25.91
2012,7,14,16,26.59,26.06,27.55,27.07,25.86,26.87,27.22,27.02,27.88,27.41,26.87,26.66,27.94,27.12,26.53,25.43,27.15,25.13,27.33,25.61,25.67,27.1,27.05,26.08,26.6,27.09,26.92,26.98,28.15,25.59,26.38,25.68,26.84,25.52,27.75,26.89,25.43,27.08,26.46,27.27,27.83,27.0,27.0,28.24,26.8,26.38,26.39,28.23,26.97,27.36,27.03,28.1,27.86,27.23,26.9,25.33,27.45,27.57,27.13,27.38,26.41,26.77,26.95,25.9,26.19,25.92,26.81,27.21,27.22,26.09,27.02,27.49,27.11,27.01,26.89,27.09,25.76,27.44,26.74,27.56,26.59,26.69
2012,7,14,17,27.76,27.27,28.62,28.08,27.27,27.8,27.86,27.44,28.77,28.53,27.38,26.6,28.89,28.32,27.28,25.57,28.58,25.36,28.29,25.92,26.53,27.61,27.35,26.03,27.24,27.76,27.56,27.92,29.41,25.5,26.63,25.85,27.86,25.85,25.87,27.91,25.05,26.24,27.01,27.87,29.11,27.75,27.79,28.95,27.44,26.17,27.54,29.33,27.94,26.87,26.74,27.11,28.82,28.09,27.15,25.74,28.31,28.54,28.68,28.51,27.08,27.23,27.93,26.53,26.71,25.88,27.73,27.95,28.54,27.75,28.24,28.73,28.5,27.56,27.08,27.84,26.23,28.55,27.95,27.77,27.02,27.34
2012,7,14,18,28.72,26.92,29.12,28.78,27.25,28.74,27.15,28.76,27.32,27.82,28.44,25.86,26.59,29.15,28.14,25.11,29.54,25.73,29.1,25.97,26.86,27.51,25.14,25.16,28.06,28.84,28.49,28.77,28.48,25.83,24.88,25.59,28.72,25.88,25.98,26.28,25.54,25.7,26.28,28.4,28.62,28.87,27.87,26.14,28.31,25.58,28.05,27.83,28.61,26.5,25.61,25.54,26.13,27.75,25.0,26.14,27.62,27.43,28.18,28.98,27.74,27.3,28.82,26.47,25.22,25.14,28.58,28.01,29.12,27.31,27.0,29.42,28.01,26.17,28.06,28.49,26.56,27.99,29.02,25.83,26.21,28.4
2012,7,14,19,30.12,27.54,30.54,28.28,28.57,29.5,28.41,29.94,27.38,27.76,30.3,25.09,26.51,29.69,30.58,25.82,30.32,25.61,30.51,26.22,25.68,29.78,26.18,26.36,30.49,29.29,29.77,30.24,28.18,26.53,24.94,26.14,30.21,25.09,26.73,28.76,25.66,26.41,27.47,27.44,27.68,29.98,29.5,25.43,28.19,25.71,29.38,28.04,29.6,26.9,25.98,25.86,26.29,29.75,25.89,25.53,28.5,27.66,27.3,29.82,29.36,26.91,30.16,29.19,26.55,26.07,29.58,29.71,30.15,27.89,27.22,30.16,28.26,26.23,30.38,29.84,24.9,28.55,30.33,26.1,29.32,29.36
2012,7,14,20,30.76,27.93,29.66,27.7,27.01,29.96,27.24,30.11,26.74,26.22,30.48,24.91,25.4,30.3,28.84,25.45,30.23,26.17,30.23,26.63,26.47,29.16,26.83,26.9,29.65,29.33,29.71,30.31,26.91,26.67,24.58,25.57,30.54,25.17,27.09,26.08,25.82,25.73,26.2,25.85,27.5,30.01,27.37,25.26,27.28,25.74,27.24,25.23,29.42,25.55,25.25,26.36,25.44,28.79,26.38,26.19,26.88,27.09,27.46,30.2,27.26,25.54,30.16,26.58,25.31,26.79,29.71,29.57,29.46,27.04,27.93,30.88,26.9,25.87,30.3,29.88,25.4,27.2,30.92,25.31,27.38,28.86
2012,7,14,21,30.32,27.96,27.62,25.48,26.9,30.15,26.41,28.15,25.01,25.19,28.99,25.94,25.13,30.58,27.31,26.22,29.44,26.7,28.21,26.79,26.86,27.79,27.31,27.09,26.97,27.04,29.22,29.14,24.46,26.81,25.44,26.33,29.17,26.22,26.04,25.96,26.6,25.71,26.79,25.32,25.49,30.18,27.12,26.32,26.05,26.68,26.25,24.87,26.75,25.69,25.43,27.13,25.52,27.59,27.19,26.84,27.09,25.83,26.52,29.46,26.75,25.4,28.88,26.64,25.66,27.04,30.12,28.78,28.19,27.46,26.73,30.99,26.76,26.71,28.64,29.88,26.37,25.62,30.07,25.69,26.99,27.02
2012,7,14,22,28.4,25.94,26.91,25.27,26.4,29.91,25.84,26.22,25.03,25.59,27.29,26.37,25.88,29.15,27.27,26.92,27.68,26.74,27.2,26.36,26.63,26.65,27.3,26.7,26.58,26.18,27.53,28.28,24.4,26.69,26.34,27.1,27.38,26.67,26.0,26.11,26.87,26.15,27.29,25.44,24.7,27.99,27.31,26.93,25.99,27.22,26.1,25.06,25.84,25.89,25.95,26.61,26.35,27.01,27.4,26.42,27.23,25.12,25.09,28.0,26.16,25.91,27.7,26.95,26.53,26.29,29.02,27.55,26.77,26.05,25.21,29.55,25.47,27.14,27.64,29.41,26.51,25.66,28.08,25.89,26.83,26.7
2012,7,14,23,26.69,25.29,26.71,25.51,25.83,27.84,25.77,25.86,25.4,25.71,26.31,26.05,25.67,27.36,26.89,26.35,26.44,24.62,26.68,25.93,26.27,26.3,26.02,25.97,26.18,25.94,26.96,27.35,24.81,26.02,26.23,26.78,26.47,25.67,25.89,26.01,25.12,26.12,27.31,25.81,24.97,26.62,27.2,25.49,26.2,26.54,26.0,25.51,25.76,26.01,26.17,25.5,25.77,26.84,25.43,25.06,27.27,25.22,24.86,27.49,26.58,26.23,27.32,27.05,26.59,25.1,26.88,27.07,26.32,25.4,24.48,27.39,25.27,27.15,26.2,27.77,26.06,25.66,26.66,25.73,26.49,26.54
2012,7,15,0,25.9,24.77,26.13,25.32,25.53,26.94,25.46,25.61,25.19,25.37,25.45,25.38,25.18,27.08,26.24,25.58,26.31,24.68,26.03,25.23,25.48,25.91,25.74,25.54,25.87,25.67,26.59,26.86,25.03,25.83,25.52,25.95,25.49,25.16,25.6,25.71,24.65,25.41,26.46,25.6,25.0,26.27,26.44,24.9,25.9,25.24,25.75,25.33,25.51,25.52,25.38,25.36,25.27,26.48,24.87,24.83,26.44,25.12,24.71,27.1,26.24,25.83,26.94,26.4,25.96,24.92,26.48,26.58,26.25,25.09,24.11,27.08,25.15,25.66,25.67,27.1,25.5,25.36,26.07,25.39,25.98,26.17
2012,7,15,1,25.48,24.17,25.43,24.88,24.81,26.39,24.84,25.12,24.65,24.83,25.25,25.0,24.61,26.63,25.68,24.79,25.9,24.4,25.3,24.93,25.07,25.3,25.47,25.31,25.56,25.2,26.08,26.31,24.63,25.66,24.87,25.01,25.1,24.72,25.05,25.01,24.32,24.97,25.51,25.05,24.57,25.87,25.53,24.36,25.43,24.59,25.14,24.69,24.99,24.87,24.87,24.88,24.7,25.82,24.57,24.53,25.35,24.55,24.24,26.45,25.67,25.18,26.4,25.61,25.16,24.56,26.07,26.05,25.72,24.44,23.78,26.61,24.55,24.77,25.37,26.53,25.12,24.8,25.61,24.81,25.27,25.68
2012,7,15,2,25.03,23.66,24.91,24.42,24.12,25.87,24.36,24.63,24.15,24.34,24.75,24.58,24.07,26.13,24.98,24.2,25.31,23.98,24.8,24.5,24.56,24.82,25.21,25.1,24.99,24.67,25.47,25.76,24.25,25.41,24.38,24.3,24.63,24.28,24.57,24.45,23.88,24.54,24.67,24.53,24.14,25.3,24.77,23.88,24.85,24.05,24.48,24.17,24.52,24.4,24.41,24.39,24.16,25.22,24.15,24.13,24.67,24.08,23.84,25.87,24.99,24.6,25.8,24.85,24.51,24.19,25.53,25.44,25.13,23.83,23.51,26.12,24.03,24.16,24.94,25.95,24.66,24.31,25.08,24.3,24.75,25.1
2012,7,15,3,24.62,23.39,24.37,24.0,23.64,25.42,23.94,24.15,23.82,23.92,24.47,24.24,23.81,25.57,24.49,23.8,24.78,23.67,24.36,24.28,24.25,24.28,25.04,24.96,24.62,24.3,25.08,25.34,23.97,25.31,24.03,23.79,24.31,23.95,24.21,23.96,23.56,24.17,24.04,24.12,23.88,24.84,24.19,23.7,24.47,23.64,23.95,23.87,24.02,24.0,24.02,24.15,23.89,24.61,23.84,23.82,24.03,23.74,23.63,25.18,24.5,24.16,25.36,24.25,24.06,23.95,25.11,24.81,24.57,23.46,23.39,25.55,23.68,23.65,24.66,25.49,24.31,23.89,24.62,23.94,24.2,24.73
2012,7,15,4,24.39,23.23,23.92,23.77,23.35,24.98,23.68,23.91,23.56,23.7,24.27,24.01,23.59,25.09,24.08,23.54,24.35,23.52,24.0,24.13,24.04,24.0,24.98,24.88,24.32,24.06,24.77,24.98,23.72,25.19,23.82,23.45,24.07,23.73,24.06,23.67,23.36,24.0,23.59,23.84,23.63,24.52,23.72,23.56,24.16,23.37,23.62,23.61,23.8,23.81,23.84,24.0,23.69,24.21,23.68,23.66,23.57,23.49,23.46,24.71,24.06,23.84,24.98,23.8,23.76,23.84,24.75,24.4,24.19,23.23,23.29,25.11,23.44,23.28,24.46,25.08,24.05,23.67,24.32,23.76,23.89,24.46
2012,7,15,5,24.14,23.07,23.52,23.54,23.08,24.68,23.49,23.67,23.36,23.49,23.97,23.8,23.44,24.74,23.62,23.29,23.99,23.32,23.61,24.03,23.85,23.77,24.91,24.86,23.9,23.83,24.51,24.68,23.46,25.17,23.63,23.14,23.76,23.51,23.83,23.43,23.15,23.77,23.22,23.63,23.41,24.27,23.27,23.45,23.84,23.11,23.31,23.39,23.56,23.59,23.64,23.83,23.54,23.91,23.54,23.5,23.19,23.28,23.27,24.36,23.68,23.62,24.67,23.41,23.53,23.76,24.5,24.11,23.87,23.0,23.18,24.74,23.21,23.0,24.2,24.76,23.83,23.47,24.01,23.55,23.67,24.16
2012,7,15,6,23.92,22.96,23.27,23.26,22.92,24.4,23.3,23.42,23.23,23.29,23.6,23.53,23.36,24.4,23.25,23.19,23.76,23.26,23.3,23.85,23.63,23.53,24.93,24.81,23.52,23.58,24.33,24.44,23.27,25.05,23.42,23.02,23.45,23.37,23.57,23.26,23.1,23.48,23.03,23.32,23.25,24.06,22.98,23.43,23.51,23.04,23.14,23.29,23.32,23.28,23.35,23.69,23.44,23.67,23.48,23.38,23.01,23.11,23.12,24.04,23.4,23.34,24.46,23.19,23.34,23.67,24.3,23.85,23.65,22.87,23.06,24.4,23.06,22.89,23.9,24.56,23.58,23.29,23.78,23.32,23.44,23.89
2012,7,15,7,23.97,22.21,23.35,22.74,22.26,23.75,22.92,22.89,22.76,22.81,23.31,23.16,23.04,23.63,23.04,23.07,23.06,23.51,23.34,24.06,23.63,23.14,24.98,25.05,23.01,22.93,23.69,23.78,22.56,25.38,22.9,23.06,23.42,23.21,23.32,22.85,23.35,23.19,23.12,22.99,22.55,23.64,23.07,23.27,22.96,23.27,22.51,22.88,22.8,22.98,22.87,23.42,23.09,23.23,23.84,23.56,23.14,22.55,22.31,23.55,23.11,23.04,23.75,23.07,23.03,24.03,23.88,23.5,23.04,22.16,22.37,23.48,22.4,23.11,23.35,23.93,23.34,22.84,23.85,22.99,23.11,23.13
2012,7,15,8,23.7,22.13,23.09,22.67,22.21,23.71,22.83,22.8,22.67,22.69,23.13,23.04,22.9,23.67,22.91,23.06,23.11,23.48,23.12,24.01,23.57,23.04,24.52,24.83,22.97,22.85,23.53,23.62,22.49,25.23,22.81,22.9,23.2,23.19,23.06,22.81,23.22,22.99,22.84,22.9,22.48,23.52,22.83,23.06,22.93,23.0,22.5,22.77,22.71,22.81,22.73,23.13,22.91,23.23,23.55,23.56,22.81,22.49,22.23,23.57,23.09,22.96,23.57,22.96,22.97,23.85,23.78,23.42,23.08,22.09,22.29,23.51,22.34,22.72,23.2,23.81,23.27,22.73,23.6,22.8,23.02,23.03
2012,7,15,9,23.49,22.03,22.8,22.65,22.17,23.66,22.8,22.73,22.61,22.54,23.0,22.97,22.74,23.67,22.59,22.9,23.07,23.42,22.94,23.99,23.55,22.97,24.09,24.44,22.82,22.84,23.41,23.44,22.41,24.88,22.91,22.58,23.05,23.27,22.82,22.8,23.07,22.82,22.35,22.96,22.42,23.4,22.47,22.85,22.98,22.74,22.47,22.65,22.63,22.71,22.75,22.88,22.7,23.19,23.23,23.56,22.53,22.48,22.14,23.5,22.9,23.07,23.4,22.56,23.03,23.77,23.66,23.32,23.04,22.01,22.2,23.53,22.3,22.39,23.07,23.65,23.25,22.62,23.39,22.61,22.98,23.0
2012,7,15,10,23.32,22.01,22.45,22.65,22.11,23.67,22.7,22.68,22.51,22.43,22.84,22.94,22.58,23.69,22.36,22.69,23.08,23.18,22.76,23.81,23.41,22.88,23.96,24.09,22.65,22.83,23.31,23.29,22.33,24.65,22.88,22.4,22.88,23.07,22.68,22.72,22.85,22.75,22.21,22.99,22.38,23.27,22.27,22.64,22.96,22.57,22.4,22.5,22.58,22.66,22.76,22.7,22.52,23.12,23.04,23.23,22.19,22.42,22.12,23.44,22.7,22.99,23.27,22.3,22.7,23.46,23.54,23.19,23.05,21.98,22.16,23.69,22.27,22.29,22.95,23.52,23.15,22.51,23.19,22.48,22.89,22.97
2012,7,15,11,23.21,21.98,22.34,22.63,22.22,23.57,22.64,22.66,22.41,22.38,22.75,22.84,22.45,23.66,22.25,22.68,23.03,23.09,22.65,23.95,23.41,22.82,23.92,24.16,22.56,22.84,23.31,23.27,22.23,24.5,22.66,22.4,22.79,22.88,22.56,22.75,22.76,22.66,22.22,22.81,22.31,23.17,22.13,22.5,22.9,22.55,22.57,22.37,22.56,22.57,22.65,22.57,22.42,23.12,23.02,23.33,22.13,22.38,22.1,23.32,22.57,22.81,23.28,22.23,22.6,23.54,23.43,23.05,23.13,22.01,22.15,23.65,22.29,22.28,22.9,23.4,22.99,22.45,23.11,22.42,22.84,22.99
2012,7,15,12,23.27,22.42,22.46,22.8,22.58,23.51,22.92,22.96,22.76,22.64,22.86,23.08,22.8,23.76,22.32,22.82,23.2,23.32,22.74,23.8,23.67,23.12,24.02,24.2,22.64,23.07,23.54,23.37,22.64,24.39,22.76,22.54,22.89,23.11,23.01,23.0,22.89,23.07,22.38,22.92,22.72,23.48,22.23,22.89,22.97,22.66,22.86,22.76,22.83,22.82,22.75,22.98,22.75,23.31,23.18,23.58,22.23,22.73,22.52,23.61,22.66,22.8,23.42,22.38,22.72,23.71,23.65,23.37,23.24,22.44,22.48,23.81,22.67,22.42,23.0,23.43,23.3,22.73,23.12,22.7,23.11,23.11
2012,7,15,13,24.0,23.47,23.04,23.53,23.4,24.0,23.63,23.72,23.81,23.5,23.41,24.14,23.96,24.35,22.82,23.34,23.56,23.75,23.23,24.28,24.43,23.81,24.19,24.36,23.2,23.77,24.28,24.07,23.86,24.91,23.45,22.95,23.44,23.78,24.33,23.66,23.21,24.2,22.75,23.68,23.86,24.25,22.67,24.28,23.61,22.79,23.6,24.02,23.54,23.76,23.49,24.46,23.89,23.86,23.47,24.05,22.66,23.65,23.61,24.23,23.26,23.52,24.24,22.95,23.35,23.92,24.33,24.09,23.69,23.36,23.56,24.1,23.59,22.64,23.63,24.11,24.3,23.56,23.89,23.82,23.7,23.75
2012,7,15,14,25.18,24.5,24.42,24.45,24.32,24.6,25.0,24.73,25.0,24.64,24.65,25.33,25.21,24.94,24.06,24.32,24.13,24.55,24.61,25.24,25.19,25.02,24.69,24.9,24.28,24.58,25.01,25.03,25.02,25.71,24.47,24.15,24.71,24.59,25.77,24.95,24.28,25.57,23.98,24.59,24.91,25.11,24.15,25.66,24.47,24.08,24.48,25.26,24.64,24.81,24.54,25.87,25.12,25.06,24.34,24.79,24.18,24.87,24.62,25.14,24.13,24.36,25.09,23.96,24.22,24.69,25.15,25.25,24.58,24.34,24.7,24.45,24.65,23.93,24.73,24.82,25.16,24.77,25.19,24.96,25.18,24.57
2012,7,15,15,26.1,25.86,25.27,25.66,25.57,25.51,26.06,25.76,26.42,25.98,25.71,26.76,26.7,25.26,24.98,25.38,24.77,25.59,25.46,26.48,26.26,25.89,26.18,26.33,25.09,25.55,25.8,26.19,26.69,26.78,26.06,25.02,25.7,25.84,27.0,25.59,25.36,26.85,24.86,25.87,26.49,26.14,24.97,27.16,25.35,25.31,25.37,26.87,25.68,26.09,25.99,27.28,26.65,25.07,25.82,25.82,25.02,26.23,26.14,25.38,25.05,25.7,26.0,24.86,25.58,26.06,25.97,25.85,24.95,25.68,26.2,24.9,26.01,25.11,25.74,25.97,26.45,26.01,26.19,26.31,25.54,25.38
2012,7,15,16,27.1,26.74,26.39,27.22,26.81,26.37,27.37,26.73,27.86,27.73,26.41,27.64,28.14,26.2,26.06,26.38,25.82,26.95,26.39,27.94,27.74,27.02,27.52,27.69,25.97,26.67,26.8,26.73,27.67,27.9,27.02,25.91,26.44,26.92,28.38,26.68,26.52,27.98,25.74,27.21,27.7,26.91,25.85,28.47,26.57,26.23,26.47,28.14,27.17,27.44,27.18,28.68,28.19,25.82,27.31,27.31,26.04,27.68,27.06,26.21,26.26,26.84,26.67,26.06,26.62,27.59,26.87,26.61,25.81,26.92,26.92,26.19,27.34,26.08,26.37,27.12,27.48,27.6,27.69,27.82,26.64,26.38
2012,7,15,17,27.99,28.27,27.4,28.27,28.03,27.26,28.29,27.04,29.01,28.93,27.18,29.3,29.46,27.24,27.08,27.72,26.59,28.23,27.35,26.76,29.16,27.44,26.34,25.77,27.01,27.37,27.23,27.15,28.87,25.81,28.48,27.15,27.13,28.53,29.54,27.5,27.88,29.29,26.96,28.81,28.84,27.45,26.99,29.64,27.72,27.49,27.42,29.27,27.68,29.1,28.73,29.87,29.66,26.68,26.16,28.6,27.09,28.83,28.46,27.32,27.49,28.44,26.98,27.11,27.89,25.73,27.46,27.6,26.43,28.33,28.28,26.68,28.62,27.06,27.19,26.96,29.36,28.56,28.42,29.4,27.37,27.12
2012,7,15,18,29.03,28.96,28.12,27.99,28.55,28.01,28.88,27.35,29.59,28.78,27.62,29.92,29.6,27.85,27.68,27.95,27.39,25.63,28.26,27.06,27.14,27.56,27.31,27.04,27.71,27.99,28.05,27.32,29.39,27.51,29.19,26.91,27.94,28.39,30.08,27.9,25.74,30.05,26.5,27.4,29.57,27.66,27.19,29.76,27.74,25.27,27.72,29.76,27.84,28.89,28.95,29.95,29.38,27.09,26.01,26.14,26.17,29.55,28.98,27.45,27.63,27.76,27.59,27.53,28.39,26.37,27.84,27.08,26.94,28.9,28.91,27.63,29.19,24.72,27.57,27.51,29.39,28.78,29.32,29.03,27.79,27.76
2012,7,15,19,29.81,29.47,27.78,29.25,29.79,26.79,29.42,27.93,29.73,29.7,28.32,30.39,29.82,26.84,26.24,26.01,29.17,27.4,28.27,29.23,28.49,28.58,28.45,28.58,27.86,27.64,28.08,28.61,29.69,28.82,28.06,25.54,28.79,26.88,31.12,29.04,26.75,31.0,25.19,29.66,29.9,28.03,25.96,30.47,28.42,26.04,29.58,30.1,29.13,30.1,29.75,30.95,29.85,27.91,27.93,27.91,27.07,29.9,29.44,27.74,27.31,28.55,28.61,25.5,26.44,28.8,27.62,28.11,28.3,29.64,29.32,27.83,29.85,25.56,28.07,27.94,28.19,29.6,29.12,29.93,28.75,27.63
2012,7,15,20,28.39,30.0,26.41,29.08,30.15,27.39,29.79,28.07,30.42,30.24,27.22,30.22,30.74,27.43,25.67,27.21,29.61,29.09,28.04,29.1,29.86,28.49,27.39,29.01,26.13,27.45,27.68,29.25,30.34,28.75,27.85,26.63,27.31,28.21,31.77,29.11,28.37,31.44,26.15,28.15,30.53,28.31,25.73,30.98,26.47,27.41,29.72,30.64,29.28,30.23,28.82,31.7,30.91,28.48,28.48,29.54,26.05,30.38,29.92,28.39,25.62,26.57,28.85,25.75,26.57,29.76,28.07,28.32,28.77,30.15,29.72,28.3,30.32,26.69,28.33,28.61,29.23,30.09,27.3,30.8,28.6,27.39
2012,7,15,21,26.39,30.37,26.4,27.78,30.41,28.11,29.35,27.68,30.35,29.8,26.62,29.44,30.53,27.98,26.25,28.43,29.65,29.48,26.4,29.27,29.81,28.25,27.54,28.2,25.67,27.14,27.58,29.02,30.63,28.84,28.4,27.89,26.69,29.07,31.1,29.03,29.06,30.67,27.35,26.96,30.7,28.11,26.57,30.93,25.68,28.36,29.87,30.79,28.56,28.47,28.49,31.34,30.76,28.31,27.9,29.71,27.16,30.38,30.32,28.23,26.5,27.08,28.65,27.22,27.67,28.82,28.12,28.07,28.94,30.49,30.09,28.62,30.46,27.58,27.2,28.41,29.42,29.74,26.05,30.06,27.95,25.98
2012,7,15,22,26.08,30.1,26.89,26.74,30.28,28.38,27.83,26.27,28.7,27.45,26.73,29.33,28.78,27.84,27.12,28.93,29.54,28.84,26.76,29.27,29.85,26.79,27.6,28.29,26.21,26.43,26.86,27.38,30.16,28.86,28.93,28.47,26.55,29.36,30.54,28.71,28.75,29.69,28.03,27.41,30.11,27.71,27.41,30.14,26.14,28.34,29.9,29.5,26.15,28.04,28.36,30.61,28.99,27.32,28.07,29.35,27.6,29.95,30.02,27.16,27.34,27.92,26.46,28.0,28.53,28.67,28.22,27.21,28.64,30.21,29.89,28.16,30.18,27.59,26.77,27.73,29.59,27.1,25.83,28.37,26.97,25.57
2012,7,15,23,25.79,29.23,26.33,26.76,28.62,28.09,26.86,26.34,27.38,26.94,26.83,29.12,27.91,27.69,27.25,27.79,27.95,28.07,26.64,28.78,29.35,26.58,27.5,27.94,26.57,26.11,26.4,26.87,28.96,28.4,28.83,27.53,26.52,28.83,29.56,27.4,27.38,29.06,27.59,27.43,28.14,27.33,27.24,29.65,26.3,27.4,28.12,28.87,26.26,27.83,28.22,29.92,28.06,26.88,27.58,28.71,27.06,27.89,28.66,27.24,27.42,27.93,26.27,27.84,28.36,28.18,27.66,27.3,27.21,28.45,29.29,27.46,28.34,27.23,26.67,26.99,29.37,26.52,25.48,27.9,26.51,25.54
2012,7,16,0,25.67,28.34,26.06,26.28,27.68,27.41,26.57,25.92,26.92,26.41,26.22,28.46,27.53,27.35,26.49,26.48,27.13,27.33,26.1,27.96,28.43,26.19,27.11,27.4,26.24,25.75,26.0,26.58,28.22,27.8,28.01,26.29,25.91,27.48,28.63,26.87,26.82,28.41,26.67,27.14,27.59,26.82,26.6,28.81,26.15,26.75,27.11,28.05,25.85,27.5,27.78,28.97,27.58,26.56,27.07,27.91,26.62,27.24,28.01,27.01,27.04,27.45,26.11,26.93,27.45,27.49,26.98,26.81,26.51,27.76,28.4,27.05,27.62,26.8,26.33,26.52,28.56,26.32,25.42,27.38,26.29,25.5
2012,7,16,1,25.32,27.22,25.36,25.87,26.76,26.66,26.1,25.51,26.46,25.94,25.91,27.55,27.02,26.77,25.83,25.65,26.52,26.38,25.58,26.68,27.1,25.78,26.5,26.63,25.73,25.39,25.57,26.11,27.4,26.78,26.9,25.5,25.65,26.56,27.72,26.31,25.95,27.54,25.76,26.41,26.88,26.18,25.73,28.04,25.78,25.92,26.49,27.26,25.53,26.84,26.93,28.06,26.98,26.19,26.21,26.8,25.76,26.59,27.13,26.49,26.21,26.55,25.72,25.88,26.24,26.45,26.31,26.24,26.16,26.76,27.43,26.59,26.75,25.87,25.87,25.99,27.48,25.82,24.93,26.74,25.88,25.25
2012,7,16,2,24.82,26.32,24.7,25.13,25.96,25.95,25.45,24.82,25.83,25.28,25.28,26.46,26.35,26.12,25.13,25.04,25.87,25.64,24.91,25.65,25.95,25.12,26.04,26.04,25.1,24.79,25.04,25.54,26.7,26.04,25.88,24.89,25.04,25.79,26.76,25.64,25.33,26.5,25.06,25.56,26.37,25.46,25.0,27.18,25.15,25.28,25.8,26.59,24.81,25.96,26.01,27.02,26.33,25.58,25.51,25.85,25.03,25.92,26.35,25.81,25.4,25.6,25.22,25.08,25.33,25.61,25.62,25.52,25.59,25.97,26.48,25.95,26.0,25.14,25.27,25.42,26.34,25.2,24.41,25.85,25.25,24.78
2012,7,16,3,24.46,25.73,24.26,24.8,25.33,25.46,24.93,24.54,25.11,24.89,24.9,25.79,25.45,25.72,24.62,24.57,25.46,25.0,24.45,24.99,25.16,24.77,25.75,25.71,24.73,24.58,24.83,25.25,26.1,25.64,25.26,24.38,24.64,25.2,26.05,25.13,24.75,25.84,24.49,25.08,25.68,25.07,24.44,26.37,24.83,24.68,25.25,25.92,24.54,25.39,25.4,26.35,25.71,25.18,24.97,25.12,24.46,25.34,25.85,25.42,24.86,25.0,25.02,24.54,24.79,25.07,25.21,25.1,25.21,25.37,25.91,25.63,25.4,24.51,24.99,25.09,25.53,24.79,24.08,25.32,24.85,24.65
2012,7,16,4,24.18,25.31,23.94,24.43,24.9,25.02,24.55,24.24,24.62,24.54,24.56,25.12,24.86,25.28,24.21,24.1,25.06,24.38,24.1,24.48,24.55,24.45,25.5,25.39,24.34,24.33,24.62,25.0,25.45,25.35,24.61,23.98,24.31,24.55,25.29,24.74,24.22,25.15,24.08,24.6,25.22,24.72,24.03,25.53,24.42,24.22,24.81,25.4,24.25,24.77,24.69,25.58,25.04,24.77,24.5,24.46,24.06,24.92,25.39,24.97,24.36,24.44,24.82,24.07,24.25,24.55,24.86,24.69,24.83,25.01,25.32,25.26,25.03,24.08,24.71,24.83,24.83,24.43,23.85,24.85,24.5,24.43
2012,7,16,5,23.91,24.91,23.76,24.1,24.47,24.71,24.28,24.04,24.28,24.22,24.18,24.49,24.39,24.89,23.8,23.69,24.72,23.93,23.83,24.09,24.06,24.26,25.41,25.25,23.92,24.12,24.44,24.72,24.96,25.16,24.08,23.63,23.97,24.01,24.75,24.44,23.79,24.63,23.74,24.15,24.75,24.45,23.71,24.95,24.03,23.82,24.43,24.93,24.05,24.26,24.16,24.96,24.52,24.48,24.21,23.96,23.8,24.52,24.95,24.59,23.93,23.97,24.59,23.68,23.83,24.25,24.6,24.37,24.51,24.59,24.9,24.92,24.61,23.74,24.37,24.64,24.23,24.18,23.66,24.39,24.31,24.17
2012,7,16,6,23.65,24.54,23.45,23.77,24.15,24.43,24.09,23.87,24.02,23.92,23.85,23.98,24.07,24.6,23.43,23.33,24.4,23.56,23.51,23.77,23.67,24.11,25.25,25.08,23.51,23.87,24.21,24.4,24.5,24.98,23.59,23.32,23.66,23.56,24.33,24.23,23.48,24.16,23.4,23.71,24.42,24.23,23.37,24.57,23.63,23.56,24.13,24.53,23.87,23.78,23.67,24.52,24.13,24.24,23.96,23.57,23.49,24.22,24.53,24.32,23.51,23.51,24.28,23.29,23.41,23.97,24.37,24.15,24.23,24.24,24.47,24.62,24.3,23.46,24.02,24.39,23.76,23.96,23.44,23.97,24.15,23.86
2012,7,16,7,23.61,24.19,23.21,23.55,24.15,24.74,24.25,23.85,24.08,23.77,23.89,23.72,24.02,24.78,23.31,22.87,24.62,23.35,23.36,23.97,23.77,24.23,25.48,25.43,23.44,23.76,24.26,24.56,24.35,25.28,23.27,22.87,23.64,23.2,23.83,24.41,23.28,23.63,23.01,23.42,24.08,24.33,23.1,24.33,23.38,23.36,24.29,24.46,23.84,23.35,23.28,24.08,23.93,24.42,24.02,23.53,23.22,24.19,24.18,24.5,23.25,23.21,24.4,22.88,23.0,24.2,24.58,24.33,24.43,24.02,24.38,24.84,24.16,23.29,24.05,24.69,23.75,24.04,23.38,23.6,24.33,23.76
2012,7,16,8,23.43,23.89,23.06,23.15,23.87,24.52,23.95,23.48,23.73,23.36,23.58,23.41,23.69,24.56,23.03,22.49,24.44,22.91,23.15,23.69,23.44,23.94,25.23,25.31,23.18,23.39,23.97,24.27,24.03,25.08,22.95,22.58,23.39,22.71,23.45,24.14,22.92,23.28,22.77,23.05,23.77,24.05,22.88,23.95,23.07,23.08,24.06,24.08,23.48,22.95,22.92,23.7,23.51,24.23,23.76,23.16,23.05,23.82,23.88,24.29,22.98,22.88,24.11,22.61,22.69,23.98,24.34,24.1,24.26,23.72,24.09,24.68,23.84,23.08,23.74,24.45,23.43,23.66,23.23,23.16,24.08,23.44
2012,7,16,9,23.25,23.61,22.85,22.83,23.62,24.28,23.67,23.15,23.47,23.04,23.34,22.96,23.44,24.33,22.86,22.25,24.29,22.64,22.95,23.52,23.16,23.61,24.93,25.01,22.99,23.09,23.73,24.05,23.77,24.92,22.65,22.42,23.16,22.42,23.06,23.93,22.69,22.89,22.63,22.74,23.5,23.76,22.71,23.59,22.85,22.91,23.86,23.77,23.16,22.62,22.61,23.3,23.18,24.03,23.45,22.92,22.86,23.56,23.59,24.06,22.79,22.62,23.89,22.45,22.48,23.71,24.09,23.82,24.1,23.43,23.82,24.51,23.56,22.91,23.52,24.23,22.98,23.32,23.07,22.83,23.8,23.2
2012,7,16,10,23.1,23.33,22.68,22.55,23.36,24.09,23.41,22.87,23.23,22.7,23.14,22.63,23.16,24.16,22.66,22.0,24.12,22.32,22.8,23.44,22.79,23.33,24.77,24.83,22.79,22.87,23.56,23.85,23.51,24.7,22.37,22.23,22.98,22.15,22.79,23.69,22.49,22.63,22.44,22.48,23.26,23.55,22.55,23.29,22.66,22.71,23.63,23.48,22.83,22.35,22.36,23.01,22.87,23.83,23.22,22.72,22.69,23.34,23.31,23.9,22.6,22.39,23.7,22.23,22.26,23.57,23.91,23.61,23.92,23.16,23.55,24.36,23.31,22.71,23.32,24.04,22.6,22.98,22.93,22.53,23.55,23.02
2012,7,16,11,22.97,23.11,22.53,22.27,23.22,23.91,23.14,22.59,23.04,22.38,22.98,22.46,22.95,23.95,22.54,21.93,24.0,22.15,22.66,23.13,22.8,23.02,24.46,24.62,22.62,22.65,23.38,23.63,23.31,24.46,22.1,22.2,22.83,21.77,22.53,23.47,22.44,22.32,22.42,22.26,23.14,23.32,22.45,23.07,22.48,22.64,23.5,23.28,22.51,22.1,22.12,22.75,22.62,23.61,23.12,22.32,22.61,23.19,23.13,23.68,22.46,22.21,23.49,22.1,22.08,23.31,23.72,23.34,23.77,22.99,23.33,24.18,23.2,22.61,23.13,23.86,22.83,22.66,22.8,22.24,23.25,22.84
2012,7,16,12,23.09,23.6,22.85,22.55,23.71,24.14,23.32,22.86,23.38,22.66,23.18,22.63,23.28,24.14,22.85,22.34,24.24,22.86,22.92,23.24,22.82,23.19,24.72,24.81,22.93,22.94,23.61,23.78,23.76,24.65,22.29,22.56,23.04,22.37,22.8,23.68,22.76,22.75,22.73,22.54,23.63,23.55,22.77,23.37,22.8,22.86,23.86,23.68,22.76,22.35,22.31,23.09,22.96,23.77,23.37,22.86,22.86,23.58,23.62,23.87,22.81,22.51,23.67,22.56,22.4,23.68,23.93,23.55,23.97,23.55,23.71,24.36,23.7,22.78,23.34,24.04,22.6,22.91,22.97,22.51,23.36,23.11
2012,7,16,13,24.33,25.53,23.89,24.49,25.42,25.29,24.62,24.32,25.07,24.66,24.7,25.09,25.15,25.28,24.31,24.29,25.44,24.46,24.15,25.96,25.54,24.42,25.07,25.48,24.52,24.47,24.84,25.07,25.59,26.76,24.77,23.88,24.45,24.72,25.33,24.85,24.19,25.17,23.87,24.61,25.55,24.82,23.86,25.49,24.64,23.9,25.29,25.47,24.28,24.75,24.71,25.48,25.12,24.89,24.39,24.87,23.71,25.18,25.52,25.05,24.67,24.72,25.03,24.24,24.6,24.98,25.09,24.8,25.18,25.42,25.54,25.44,25.44,23.61,24.74,25.19,25.1,24.53,24.09,24.9,24.45,24.54
2012,7,16,14,25.79,27.26,25.59,26.26,26.85,26.41,26.09,25.86,26.65,26.41,26.18,27.08,26.77,26.52,25.99,25.71,26.86,26.08,25.85,27.67,27.5,25.84,26.02,26.36,26.05,25.86,26.06,26.39,27.25,27.97,26.78,25.26,25.94,26.54,27.2,26.1,25.65,27.11,25.3,26.41,27.13,26.07,25.56,27.11,26.08,25.48,26.65,27.08,26.07,26.55,26.69,27.28,26.79,26.29,25.73,26.84,25.39,26.7,27.19,26.46,26.22,26.44,26.3,25.74,26.31,26.27,26.2,26.11,26.59,26.98,27.27,26.82,26.96,25.29,26.19,26.32,27.09,26.24,25.65,26.59,25.79,25.89
2012,7,16,15,26.99,28.64,26.8,27.55,28.11,27.58,27.46,27.22,28.07,27.88,27.52,28.51,28.27,27.63,27.38,27.11,27.99,27.57,27.14,28.85,28.95,27.23,27.04,27.67,27.44,27.21,27.35,27.61,28.7,28.94,27.87,26.8,27.32,27.87,28.83,27.38,27.31,28.64,26.84,27.73,28.54,27.38,26.9,28.66,27.43,27.03,27.86,28.59,27.45,28.0,27.97,28.93,28.34,27.46,27.23,28.09,26.64,28.08,28.53,27.58,27.47,27.6,27.56,27.07,27.32,27.73,27.41,27.35,27.76,28.27,28.67,27.91,28.29,26.66,27.48,27.53,28.54,27.68,26.82,28.09,27.13,27.25
2012,7,16,16,28.42,29.73,28.04,28.77,29.26,28.78,28.89,28.47,29.4,29.27,28.7,29.69,29.62,28.79,28.63,28.69,29.07,29.0,28.3,30.13,30.23,28.62,28.72,29.23,28.71,28.42,28.54,28.87,29.9,29.93,28.98,28.42,28.4,29.02,30.09,28.65,28.81,29.85,28.24,28.9,29.79,28.47,28.2,30.02,28.61,28.62,28.98,29.89,28.83,29.13,29.06,30.31,29.73,28.59,28.92,29.6,28.03,29.43,29.67,28.69,28.58,28.73,28.8,28.43,28.57,29.45,28.53,28.5,28.81,29.42,29.73,29.02,29.54,28.16,28.81,28.77,29.8,29.16,28.44,29.35,28.53,28.57
2012,7,16,17,29.71,30.37,29.76,29.85,30.17,29.65,30.07,29.46,30.52,30.46,29.73,30.92,30.75,29.79,29.71,29.81,30.27,30.26,29.82,31.09,31.3,29.64,29.84,30.2,29.79,29.47,29.61,29.87,30.79,30.74,30.3,29.51,29.74,30.32,31.46,29.83,29.98,31.21,29.43,30.09,30.74,29.47,29.5,31.16,29.74,29.78,30.13,30.93,29.9,30.44,30.42,31.6,30.91,29.75,30.18,30.74,29.61,30.51,30.35,29.76,29.82,29.98,29.88,29.75,29.95,30.61,29.46,29.49,30.06,30.16,30.37,30.19,30.5,29.49,29.78,29.72,30.91,30.36,29.73,30.55,29.64,29.69
2012,7,16,18,30.49,30.91,30.66,30.7,30.78,30.26,30.88,30.26,31.34,31.24,30.46,32.02,31.56,30.56,30.43,30.78,30.99,31.1,30.59,31.57,32.2,30.49,30.31,30.47,30.31,30.23,30.33,30.49,31.46,30.84,31.47,30.4,30.51,31.38,32.39,30.52,30.78,32.23,30.27,31.1,31.52,30.24,30.3,32.01,30.43,30.5,30.73,31.72,30.68,31.43,31.53,32.5,31.72,30.57,30.86,31.62,30.5,31.26,30.98,30.58,30.57,31.05,30.52,30.59,31.02,31.15,30.17,30.33,30.8,30.84,30.78,31.01,31.19,30.22,30.4,30.26,32.0,31.17,30.48,31.38,30.5,30.31
2012,7,16,19,31.22,31.29,31.29,31.03,31.18,30.53,30.85,30.44,31.37,31.56,31.28,32.36,31.82,30.43,31.37,31.61,30.73,31.86,31.27,31.88,32.5,30.47,30.79,31.09,31.24,30.64,30.85,31.26,31.59,31.41,32.06,31.41,31.21,32.03,32.72,30.44,31.66,32.51,31.34,31.49,31.57,30.52,31.19,32.33,31.07,31.44,30.86,31.88,30.84,31.84,32.01,32.85,32.09,30.35,31.57,32.15,31.26,31.27,31.19,30.49,31.42,31.62,31.21,31.64,31.81,31.79,30.49,30.34,30.48,31.24,31.11,30.71,31.37,31.13,31.31,30.88,32.27,31.31,31.37,31.81,30.33,30.99
2012,7,16,20,31.15,31.45,31.12,31.26,31.32,30.93,31.01,30.7,31.65,31.72,31.06,32.78,32.02,31.01,31.15,32.0,31.3,32.03,30.98,31.85,32.64,30.76,30.19,29.95,31.27,30.93,31.19,31.53,32.0,31.05,32.48,31.7,30.95,32.49,33.05,30.71,31.92,32.91,31.47,31.74,31.82,30.92,30.88,32.62,31.33,31.8,31.05,32.21,31.05,32.04,32.32,33.13,32.27,30.74,31.47,32.3,31.24,31.49,31.48,31.02,31.52,31.83,31.54,31.68,32.09,31.25,30.89,30.8,30.89,31.39,31.28,31.33,31.58,31.35,31.35,31.12,32.75,31.49,31.33,31.94,30.64,31.26
2012,7,16,21,31.14,31.73,30.74,31.42,31.24,31.17,31.01,31.07,31.44,31.62,31.32,32.78,31.68,31.27,31.26,31.79,31.51,31.78,30.83,31.73,32.52,31.09,30.3,29.57,31.3,31.14,31.37,31.64,32.0,30.8,32.24,31.59,31.04,32.23,32.96,30.71,31.74,32.86,31.43,31.74,31.86,31.25,30.96,32.33,31.26,31.75,30.95,32.01,31.4,31.95,32.18,32.9,31.92,30.99,31.47,32.02,31.15,31.4,31.66,31.41,31.37,31.73,31.67,31.49,31.87,30.83,31.2,31.17,31.12,31.45,31.69,31.62,31.48,31.41,31.42,31.34,32.58,31.44,31.23,31.82,30.81,31.25
2012,7,16,22,31.31,31.48,30.63,30.56,30.99,31.01,30.66,30.82,30.5,31.06,31.06,32.17,30.58,31.18,30.91,31.17,31.42,30.3,30.76,30.01,31.72,30.83,29.13,28.89,31.09,30.76,31.4,31.66,31.76,29.24,31.59,31.16,30.99,31.19,32.31,30.52,29.89,32.37,31.14,31.02,31.54,31.27,30.75,31.29,31.0,29.94,30.89,31.37,30.86,31.21,31.51,32.24,31.0,30.93,29.25,30.76,30.82,31.08,31.37,31.31,31.07,31.17,31.73,31.22,31.44,29.18,31.22,31.11,31.09,31.12,31.45,31.53,31.31,30.11,31.28,31.35,32.03,30.73,31.19,31.08,30.6,31.17
2012,7,16,23,30.66,30.48,29.49,29.17,30.48,30.45,29.62,29.37,30.03,29.3,30.21,30.92,30.07,30.28,29.92,29.25,30.89,29.48,30.09,28.89,30.79,28.87,29.06,28.86,29.69,30.0,31.12,31.28,30.59,28.66,29.88,29.3,30.31,29.89,31.42,29.39,29.23,31.35,29.5,29.43,30.64,30.7,29.42,30.72,29.89,29.04,30.33,30.6,28.9,30.02,30.37,31.12,30.1,28.98,29.08,29.79,29.32,30.49,30.15,30.12,29.87,29.94,31.47,29.37,29.22,28.9,30.94,29.84,29.99,30.35,30.13,30.95,30.57,29.12,30.41,31.15,31.03,29.18,29.83,29.82,29.19,30.36
2012,7,17,0,29.63,29.39,28.46,28.43,29.42,29.7,28.79,28.81,29.04,28.5,29.21,29.56,28.95,29.54,28.96,28.57,29.86,28.68,28.63,28.05,29.42,28.42,28.48,28.3,28.88,29.18,30.45,30.6,29.28,28.12,28.78,28.76,28.99,28.97,29.94,28.48,28.57,30.07,28.98,28.73,29.52,30.22,28.67,29.56,28.82,28.78,29.27,29.61,28.36,29.15,29.22,29.86,28.89,28.4,28.51,28.85,28.74,29.41,28.93,29.39,28.93,28.87,30.73,28.66,28.55,28.24,30.42,29.29,29.04,29.3,28.85,30.05,29.39,28.7,29.65,30.46,29.51,28.51,28.39,28.93,28.33,29.4
2012,7,17,1,28.36,28.44,27.57,27.67,28.32,29.07,28.02,28.12,28.27,27.69,28.3,28.71,28.37,28.9,27.9,27.99,28.81,27.67,27.81,27.21,28.14,27.77,27.55,27.52,27.91,28.48,29.33,29.48,28.27,27.45,28.19,27.95,28.13,28.3,29.01,27.81,27.54,29.02,28.04,27.83,28.71,29.17,27.83,28.78,28.06,27.79,28.14,28.78,27.57,28.16,28.42,29.04,28.32,27.87,27.47,27.78,27.82,28.46,28.13,28.7,27.98,27.97,29.6,27.89,28.01,27.33,29.75,28.53,28.16,28.41,27.85,29.26,28.54,27.66,28.72,29.39,28.63,27.74,27.41,28.06,27.67,28.66
2012,7,17,2,27.25,27.39,26.59,27.02,27.25,27.92,27.22,27.2,27.39,27.04,27.39,27.86,27.55,27.89,27.23,27.14,27.69,26.72,26.93,26.44,27.14,27.0,26.83,26.86,27.16,27.57,28.23,28.54,27.77,26.8,27.55,26.9,27.22,27.46,27.88,27.12,26.57,27.84,27.03,27.29,27.74,27.89,27.01,27.88,27.45,26.73,27.13,27.9,26.8,27.28,27.65,28.0,27.52,27.1,26.49,26.82,26.76,27.47,27.45,27.69,27.29,27.45,28.59,27.1,27.3,26.47,28.15,27.45,27.18,27.31,27.36,28.24,27.51,26.58,27.7,28.35,27.71,27.02,26.61,27.14,26.94,27.87
2012,7,17,3,26.51,26.65,25.8,26.38,26.45,27.22,26.55,26.44,26.5,26.32,26.69,27.03,26.96,27.17,26.51,26.27,26.94,25.97,26.14,25.74,26.25,26.32,26.48,26.45,26.48,26.8,27.28,27.55,27.13,26.17,26.73,26.1,26.45,26.51,27.0,26.58,25.89,27.02,26.25,26.64,27.0,26.97,26.17,26.99,26.74,26.05,26.42,27.34,26.15,26.48,26.89,27.09,26.74,26.48,25.91,26.03,25.95,26.77,26.86,26.86,26.61,26.82,27.54,26.35,26.52,25.89,27.17,26.63,26.54,26.52,26.85,27.45,26.76,25.89,26.94,27.48,26.78,26.31,25.97,26.28,26.34,27.07
2012,7,17,4,26.02,25.95,25.29,25.86,25.78,26.81,26.1,25.93,25.85,25.84,26.16,26.26,26.49,26.67,25.82,25.63,26.4,25.39,25.61,25.19,25.6,25.94,26.2,26.09,25.99,26.27,26.87,27.04,26.61,25.74,26.02,25.53,25.93,25.81,26.32,26.04,25.32,26.35,25.67,26.14,26.36,26.47,25.54,26.77,26.18,25.46,25.86,26.76,25.71,26.12,26.26,26.49,26.5,26.01,25.43,25.44,25.36,26.07,26.2,26.3,26.05,26.18,27.01,25.8,25.88,25.41,26.72,26.15,26.07,25.77,26.26,26.88,26.02,25.3,26.49,27.08,26.02,25.91,25.57,26.19,25.93,26.53
2012,7,17,5,25.67,25.44,24.91,25.37,25.24,26.6,25.57,25.55,25.31,25.31,25.79,25.62,25.55,26.38,25.38,25.15,25.94,24.96,25.19,24.84,25.16,25.63,25.89,25.75,25.69,25.91,26.59,26.72,26.1,25.45,25.41,25.1,25.52,25.28,25.82,25.6,24.91,25.7,25.22,25.62,25.8,26.13,25.08,26.28,25.83,25.06,25.38,25.69,25.26,25.41,25.62,26.24,25.6,25.67,25.01,25.0,24.97,25.46,25.66,25.95,25.63,25.6,26.71,25.3,25.33,24.99,26.47,25.83,25.68,25.22,25.75,26.47,25.45,24.9,26.16,26.85,25.46,25.34,25.26,25.44,25.63,26.24
2012,7,17,6,25.29,24.97,24.49,24.94,24.81,26.33,25.11,25.19,24.83,24.77,25.46,25.06,24.75,26.04,25.04,24.76,25.59,24.62,24.78,24.51,24.75,25.28,25.58,25.46,25.36,25.58,26.27,26.4,25.5,25.26,24.87,24.74,25.14,24.82,25.1,25.24,24.57,25.05,24.83,25.14,25.28,25.78,24.68,25.39,25.43,24.71,25.0,25.14,24.9,24.75,25.02,25.48,24.8,25.34,24.67,24.63,24.56,24.95,25.2,25.59,25.2,25.1,26.39,24.88,24.87,24.65,26.16,25.47,25.37,24.75,25.29,26.11,24.98,24.51,25.83,26.56,24.95,24.86,24.9,24.57,25.3,25.88
2012,7,17,7,25.23,24.95,24.35,24.91,24.88,26.05,25.17,25.12,25.12,24.96,25.44,24.84,25.51,25.69,24.95,24.54,25.58,24.4,24.69,24.45,24.6,25.26,25.65,25.41,25.25,25.37,25.96,26.32,24.95,25.24,24.69,24.53,25.12,24.6,24.88,25.51,24.36,24.83,24.65,25.0,25.35,25.42,24.52,25.18,25.19,24.52,25.14,25.27,24.92,24.59,24.76,25.48,25.39,25.5,24.6,24.44,24.38,25.17,25.05,25.32,25.07,24.93,26.25,24.74,24.74,24.51,25.74,25.29,25.51,24.85,24.94,25.91,25.13,24.37,25.78,26.35,24.74,24.99,24.84,24.57,25.44,25.65
2012,7,17,8,24.9,24.58,24.05,24.62,24.58,25.6,24.74,24.87,24.35,24.4,25.0,24.5,24.78,25.34,24.5,24.18,25.36,24.1,24.32,24.24,24.35,24.97,25.44,25.19,24.8,25.13,25.66,25.96,24.49,25.06,24.31,24.16,24.72,24.26,24.46,25.24,24.06,24.53,24.26,24.65,24.67,25.08,24.14,24.78,24.86,24.18,24.87,24.73,24.6,24.33,24.39,24.55,24.37,25.28,24.33,24.16,24.05,24.72,24.54,24.97,24.68,24.57,25.92,24.35,24.36,24.23,25.38,25.0,25.31,24.5,24.57,25.6,24.73,24.03,25.36,26.0,24.42,24.49,24.54,24.25,25.18,25.33
2012,7,17,9,24.6,24.2,23.83,24.31,24.36,25.25,24.42,24.63,23.97,24.07,24.65,24.23,24.11,25.06,24.15,23.88,25.19,23.86,24.03,24.02,24.11,24.74,25.19,24.94,24.41,24.89,25.43,25.59,24.22,24.87,24.01,23.85,24.4,23.98,24.24,24.96,23.81,24.26,23.94,24.33,24.3,24.89,23.83,24.25,24.54,23.91,24.66,24.24,24.32,24.04,24.09,24.12,23.93,25.01,24.06,23.92,23.8,24.37,24.33,24.68,24.34,24.25,25.58,24.02,24.04,23.98,25.15,24.73,25.11,24.28,24.1,25.32,24.44,23.75,24.99,25.64,24.16,24.11,24.28,24.01,24.89,25.0
2012,7,17,10,24.36,23.99,23.61,24.03,24.18,25.05,24.15,24.44,23.64,23.81,24.34,23.94,23.89,24.93,23.85,23.64,25.02,23.67,23.78,23.84,23.89,24.53,24.91,24.73,24.09,24.67,25.22,25.23,23.67,24.7,23.72,23.61,24.12,23.73,24.02,24.74,23.6,24.0,23.7,24.05,23.92,24.84,23.58,23.98,24.25,23.69,24.51,23.84,24.09,23.79,23.8,23.94,23.73,24.82,23.77,23.73,23.57,23.93,24.12,24.53,24.06,23.97,25.24,23.74,23.77,23.78,25.06,24.61,24.95,24.03,23.94,25.09,24.08,23.52,24.67,25.32,23.89,23.78,24.05,23.79,24.69,24.71
2012,7,17,11,24.14,23.6,23.32,23.83,24.03,24.94,23.87,24.34,23.49,23.57,24.13,23.69,23.84,24.76,23.64,23.46,24.85,23.53,23.58,23.68,23.7,24.39,24.57,24.51,23.88,24.53,25.09,24.98,23.3,24.54,23.47,23.44,23.93,23.53,23.83,24.42,23.46,23.75,23.52,23.81,23.85,24.82,23.4,23.92,24.02,23.53,24.37,23.61,23.93,23.55,23.55,23.7,23.6,24.59,23.51,23.57,23.37,23.66,23.8,24.33,23.83,23.73,25.02,23.53,23.54,23.62,25.01,24.46,24.77,23.76,23.49,24.84,23.8,23.33,24.45,25.15,23.66,23.55,23.74,23.58,24.39,24.5
2012,7,17,12,24.08,24.08,23.33,24.1,24.22,25.14,24.06,24.6,24.02,23.93,24.23,24.1,24.37,25.08,23.79,23.75,25.25,23.86,23.61,24.0,24.12,24.6,24.64,24.61,24.01,24.7,25.21,25.05,23.85,24.72,23.85,23.67,24.02,23.9,24.34,24.57,23.76,24.2,23.64,24.06,24.07,25.04,23.52,24.47,24.19,23.69,24.6,24.23,24.2,23.92,23.93,24.33,24.14,24.89,23.72,23.95,23.42,24.1,23.98,24.8,24.04,24.02,25.12,23.75,23.86,23.91,25.21,24.79,25.06,23.99,24.16,25.33,24.15,23.42,24.56,25.28,24.06,23.8,23.85,23.97,24.59,24.63
2012,7,17,13,25.68,26.65,25.5,26.08,26.76,26.78,26.34,26.33,26.0,26.2,25.78,26.03,26.19,27.1,25.54,25.7,27.28,25.79,25.54,25.98,26.08,26.49,26.28,26.11,25.85,26.22,26.64,26.34,26.23,26.23,25.74,25.65,25.62,25.81,26.43,26.68,25.69,26.23,25.74,25.96,26.22,26.87,25.4,26.45,26.0,25.81,26.87,26.14,26.33,26.0,25.89,26.74,26.33,26.88,25.82,25.91,25.62,26.23,26.44,27.1,25.81,25.78,26.47,25.72,25.69,25.83,26.86,26.79,27.03,26.6,26.45,27.42,26.61,25.59,26.01,26.6,25.93,26.17,25.51,26.16,26.49,26.11
2012,7,17,14,27.19,28.52,27.26,27.9,28.42,28.15,28.14,28.01,28.07,28.27,27.15,28.16,28.23,28.51,27.21,27.65,28.82,27.69,27.22,27.95,28.15,28.2,27.77,27.74,27.33,27.78,27.94,27.63,28.28,27.92,27.73,27.59,27.15,27.79,28.67,28.19,27.63,28.42,27.64,27.78,28.29,28.21,27.24,28.55,27.54,27.72,28.39,28.28,28.2,27.96,27.87,28.87,28.41,28.36,27.69,27.88,27.5,28.26,28.35,28.56,27.49,27.57,27.78,27.6,27.61,27.77,28.14,28.29,28.54,28.39,28.29,28.89,28.49,27.48,27.39,27.9,27.97,28.17,27.19,28.18,28.15,27.56
2012,7,17,15,28.66,29.51,28.8,29.35,29.26,29.49,29.45,29.31,29.62,29.59,28.86,30.06,29.72,29.84,28.99,29.37,29.99,29.37,28.82,29.7,29.95,29.44,29.13,29.2,28.91,29.17,29.2,29.12,29.8,29.49,29.52,29.26,28.76,29.55,30.25,29.33,29.3,30.17,29.26,29.31,29.79,29.44,28.9,30.11,29.01,29.35,29.41,29.91,29.53,29.53,29.58,30.31,29.77,29.52,29.3,29.58,29.08,29.7,29.51,29.82,29.05,29.17,29.21,29.26,29.35,29.44,29.36,29.53,29.69,29.28,29.43,30.15,29.66,29.06,28.95,29.23,29.85,29.54,28.66,29.5,29.31,29.01
2012,7,17,16,29.79,30.37,30.07,30.19,30.28,30.62,30.45,30.32,30.76,30.66,29.98,31.43,30.73,30.87,30.21,30.74,31.04,30.75,30.08,31.16,31.51,30.43,30.43,30.55,30.01,30.09,30.25,30.21,30.93,30.83,30.92,30.5,29.94,30.95,31.51,30.24,30.62,31.6,30.43,30.25,31.01,30.44,30.12,31.0,29.97,30.57,30.42,31.02,30.52,30.47,30.84,31.42,30.82,30.52,30.73,31.06,30.31,30.82,30.55,30.85,30.15,30.32,30.27,30.58,30.67,30.92,30.42,30.53,30.79,30.31,30.43,31.22,30.8,30.26,30.09,30.37,31.32,30.6,29.77,30.49,30.3,30.05
2012,7,17,17,31.11,31.21,31.35,31.59,31.19,31.34,31.47,31.31,31.7,32.07,31.23,32.55,31.76,31.64,31.44,31.79,32.12,31.87,31.38,32.39,32.75,31.42,31.5,31.71,31.14,31.24,31.23,31.36,31.74,31.99,31.93,31.74,31.23,32.01,32.77,31.22,31.8,32.77,31.72,31.49,31.75,31.25,31.4,31.94,31.0,31.88,31.44,31.89,31.72,31.77,31.91,32.59,31.98,31.5,31.99,32.21,31.61,31.79,31.39,31.64,31.24,31.37,31.39,31.68,31.63,32.16,31.16,31.32,31.85,31.16,31.22,32.17,31.72,31.57,31.28,31.24,32.39,31.87,31.11,31.74,31.28,31.09
2012,7,17,18,32.01,31.95,32.24,31.97,31.97,31.76,31.96,31.72,32.23,32.57,31.88,33.33,32.42,31.97,32.04,32.47,32.71,32.72,32.18,33.45,33.84,31.83,32.22,32.5,31.72,31.76,31.77,31.91,32.4,32.81,32.69,32.44,31.95,32.85,33.17,31.73,32.6,33.26,32.42,31.9,32.48,31.66,32.09,32.59,31.53,32.69,32.15,32.52,32.21,32.24,32.44,33.14,32.63,31.87,32.87,33.18,32.45,32.4,32.07,31.95,31.78,31.92,31.89,32.31,32.32,33.07,31.62,31.68,32.3,31.89,32.06,32.56,32.39,32.44,31.89,31.76,33.4,32.45,32.05,32.3,31.74,31.73
2012,7,17,19,32.16,32.56,32.61,31.93,32.01,32.45,31.5,31.77,31.52,31.82,32.29,33.53,31.48,32.36,32.47,32.77,32.43,33.01,32.43,33.53,33.96,31.69,32.72,32.78,32.31,31.95,32.17,32.93,32.29,33.02,32.92,32.67,32.27,33.1,33.06,31.33,32.86,33.35,32.76,32.36,32.11,31.79,32.47,31.75,32.07,32.93,31.83,31.89,31.89,32.49,32.86,32.45,31.69,31.7,33.27,33.41,32.88,31.85,32.21,32.05,32.62,32.68,32.83,33.01,32.95,33.24,31.87,31.68,32.0,32.07,32.46,32.75,32.02,32.85,32.67,32.51,33.64,31.73,32.19,31.81,31.5,32.26
2012,7,17,20,32.51,32.39,32.62,32.39,32.48,32.73,32.09,32.03,32.25,32.67,32.73,33.96,32.22,32.96,32.65,32.88,33.2,33.22,32.67,33.6,34.09,32.08,32.78,32.91,32.44,32.12,32.46,33.38,32.59,33.08,33.31,32.71,32.65,33.27,33.61,32.03,33.08,33.86,32.77,32.59,32.74,32.13,32.57,32.35,32.05,33.04,32.48,32.48,32.31,33.05,33.37,33.08,32.56,32.44,33.48,33.57,32.64,32.6,32.37,32.73,32.25,32.85,33.32,32.82,33.07,33.54,32.2,32.21,32.78,32.41,32.09,33.52,32.7,32.6,33.01,32.91,33.93,32.39,32.49,32.63,32.03,32.44
2012,7,17,21,32.38,32.42,32.35,32.26,32.78,32.62,32.18,31.88,32.25,32.53,32.49,33.86,32.07,33.04,31.34,32.76,33.5,33.04,32.4,33.47,33.73,32.02,32.35,32.59,32.18,31.98,32.62,33.51,32.64,33.0,33.33,32.27,32.38,33.14,33.47,32.28,32.9,33.82,32.14,32.56,32.89,32.18,32.16,32.28,32.18,32.77,32.76,32.52,32.05,33.09,33.52,32.86,32.25,32.61,33.15,33.37,32.4,32.73,32.57,32.9,30.72,31.95,33.62,30.69,31.91,33.33,32.24,32.32,33.02,32.73,32.1,33.7,32.89,32.42,33.03,32.93,33.66,32.17,32.08,32.51,32.11,32.62
2012,7,17,22,30.91,32.06,31.55,30.73,32.37,32.43,31.64,30.96,32.03,30.79,30.63,32.69,31.63,32.88,29.51,30.65,33.34,32.14,31.46,31.15,29.6,31.33,31.46,30.91,30.67,30.86,32.18,32.19,32.2,30.74,31.47,29.86,31.11,31.41,32.18,31.9,31.29,32.79,29.93,31.05,32.57,31.99,30.23,31.51,31.22,30.92,32.47,32.18,30.05,30.11,31.08,32.18,31.6,32.34,31.83,32.02,30.91,32.33,32.19,32.74,30.25,29.42,32.58,28.96,29.47,31.32,32.01,32.08,32.89,32.15,31.36,33.54,32.46,30.66,31.3,32.57,30.68,30.77,29.9,30.57,31.77,31.66
2012,7,17,23,30.41,30.07,29.85,29.78,31.86,31.85,30.3,30.3,30.89,29.06,30.22,30.06,30.04,32.41,29.36,29.6,32.29,30.0,30.3,29.39,27.6,30.69,30.05,29.72,30.23,30.62,31.58,31.67,31.67,30.16,29.3,29.82,30.42,29.95,29.13,31.39,30.63,29.65,29.93,30.14,31.85,31.77,29.82,30.7,30.82,30.54,32.0,31.67,29.74,29.42,29.49,30.16,28.81,31.62,30.06,28.3,30.38,31.79,30.6,32.22,29.95,28.92,31.72,29.01,28.65,28.69,31.84,31.65,31.41,31.0,29.93,32.51,31.74,30.27,30.77,31.83,29.31,29.4,29.48,28.7,30.94,30.55
2012,7,18,0,29.17,28.84,28.86,29.31,30.59,31.13,29.38,29.69,29.36,28.66,29.52,27.54,29.32,31.52,28.83,28.86,31.55,29.24,29.03,28.41,26.99,29.65,29.48,29.06,29.49,30.02,30.92,31.1,29.71,29.35,27.75,29.16,29.3,29.02,27.28,30.44,29.76,27.01,29.15,29.33,29.86,31.29,28.84,29.55,29.81,29.74,30.98,29.72,29.14,28.64,28.09,28.95,28.57,30.65,29.29,28.02,29.28,29.44,29.32,31.48,29.31,28.47,31.01,28.61,27.95,28.26,31.37,30.82,30.72,29.46,28.94,31.99,30.15,29.34,30.05,31.15,27.85,28.95,28.48,28.23,29.8,29.93
2012,7,18,1,28.53,28.16,28.18,28.44,29.48,29.99,28.69,28.8,28.66,27.81,28.63,27.15,28.45,30.37,28.12,28.13,30.25,28.27,28.39,27.58,26.73,28.86,28.63,28.44,28.76,29.13,29.89,30.07,28.6,28.43,27.38,28.57,28.55,28.09,26.56,29.48,28.68,26.25,28.43,28.4,28.88,30.09,28.07,28.69,29.03,29.0,29.85,28.96,28.31,27.47,27.28,28.15,27.9,29.53,28.43,27.47,28.4,29.01,28.4,30.27,28.4,27.61,29.99,27.96,27.33,27.71,30.2,29.7,29.65,28.61,28.06,30.87,29.2,28.47,29.28,29.98,27.37,28.12,28.03,27.39,28.89,29.21
2012,7,18,2,27.81,27.51,27.31,27.27,28.26,28.93,27.55,27.7,27.59,26.83,27.84,26.67,27.5,29.21,27.4,27.51,28.94,27.33,27.68,26.92,26.27,27.77,27.84,27.65,27.73,28.08,28.92,29.0,27.93,27.61,26.69,28.19,27.88,27.39,26.02,28.31,27.95,26.0,27.96,27.15,28.14,28.91,27.64,27.85,27.93,28.13,28.44,27.96,27.18,26.47,26.57,27.24,27.05,28.42,27.54,26.75,27.53,27.95,27.9,28.94,27.39,26.67,28.99,27.13,26.56,26.99,29.11,28.49,28.51,27.92,27.38,29.66,28.28,27.57,28.21,29.04,26.85,27.05,27.27,26.42,27.79,28.23
2012,7,18,3,27.14,26.9,26.78,26.53,27.48,28.27,26.82,27.04,26.94,26.23,27.19,26.2,26.89,28.55,26.86,26.87,28.31,26.61,27.1,26.26,25.65,27.04,27.27,27.14,26.94,27.42,28.25,28.18,27.26,27.22,26.25,27.2,27.18,26.86,25.78,27.45,27.18,25.71,27.28,26.48,27.49,28.19,27.04,27.24,27.12,27.3,27.69,27.32,26.5,26.0,26.08,26.65,26.5,27.76,26.8,26.15,26.81,27.2,27.24,28.28,26.68,26.12,28.24,26.52,26.05,26.3,28.45,27.78,27.95,27.27,26.68,28.99,27.52,26.72,27.47,28.35,26.5,26.41,26.74,25.93,27.04,27.55
2012,7,18,4,26.6,26.38,26.1,25.93,26.77,27.59,26.26,26.51,26.3,25.68,26.76,25.56,26.26,27.91,26.44,26.25,27.74,26.1,26.39,25.71,25.17,26.55,26.95,26.82,26.42,26.88,27.61,27.62,26.65,26.84,25.75,26.37,26.59,26.16,25.34,26.79,26.53,25.21,26.53,25.86,26.85,27.52,26.43,26.54,26.43,26.53,26.99,26.66,25.98,25.44,25.48,26.03,25.91,27.19,26.3,25.59,26.23,26.51,26.66,27.67,26.04,25.51,27.64,25.95,25.52,25.96,27.81,27.2,27.38,26.63,26.22,28.42,26.82,26.23,27.04,27.73,25.79,25.87,26.27,25.43,26.54,26.99
2012,7,18,5,26.07,25.96,25.41,25.42,26.28,26.87,25.82,26.0,25.77,25.24,26.29,25.06,25.79,27.17,25.89,25.75,27.3,25.6,25.65,25.33,24.66,26.12,26.65,26.59,25.87,26.3,26.97,27.09,26.14,26.35,25.3,25.87,25.99,25.69,24.9,26.35,25.89,24.74,25.95,25.31,26.25,26.87,25.73,26.08,25.8,25.97,26.56,26.16,25.52,24.82,25.02,25.6,25.5,26.73,25.84,25.23,25.54,25.95,26.13,27.03,25.47,25.02,27.06,25.4,25.14,25.63,27.11,26.65,26.95,26.09,25.83,27.81,26.25,25.64,26.59,27.04,25.24,25.43,25.76,25.03,26.16,26.38
2012,7,18,6,25.69,25.59,24.93,25.01,25.84,26.49,25.43,25.58,25.26,24.8,25.84,24.69,25.3,26.53,25.3,25.38,26.86,25.17,25.17,24.95,24.21,25.75,26.27,26.27,25.35,25.83,26.46,26.57,25.7,26.2,24.9,25.33,25.52,25.28,24.33,25.99,25.33,24.3,25.34,24.87,25.72,26.31,25.11,25.57,25.34,25.35,26.14,25.68,25.11,24.21,24.56,25.09,25.01,26.32,25.31,24.91,25.01,25.46,25.69,26.45,25.08,24.63,26.53,25.01,24.85,25.3,26.48,26.15,26.51,25.63,25.54,27.22,25.74,25.07,26.16,26.5,24.83,24.99,25.4,24.51,25.85,25.89
2012,7,18,7,25.78,25.32,24.94,24.76,25.49,26.36,25.26,25.45,25.06,24.74,25.43,23.42,25.08,26.5,24.79,24.63,26.38,24.63,25.05,23.63,23.13,25.58,26.39,25.95,25.01,25.55,26.23,26.36,25.49,25.14,23.75,24.79,25.34,24.3,24.16,25.65,24.82,23.57,24.83,24.58,25.53,26.14,24.67,25.24,24.97,24.95,25.73,25.36,25.02,24.12,23.82,24.93,24.91,25.96,25.3,24.11,24.89,25.31,25.52,26.2,24.73,24.27,26.32,24.52,24.08,24.77,26.36,25.92,26.13,25.35,25.36,26.83,25.55,24.9,25.72,26.45,23.32,24.93,25.5,24.49,25.56,25.59
2012,7,18,8,25.52,25.06,24.69,24.44,25.19,26.19,24.99,25.15,24.71,24.44,25.11,23.23,24.74,26.24,24.42,24.3,26.11,24.33,24.76,23.62,23.03,25.32,26.32,25.86,24.66,25.22,25.99,26.07,25.14,25.16,23.52,24.44,25.05,24.02,23.93,25.38,24.47,23.41,24.52,24.26,25.13,25.91,24.36,24.87,24.67,24.66,25.43,24.98,24.75,23.83,23.59,24.6,24.59,25.67,25.08,23.92,24.6,24.96,25.17,25.9,24.41,23.99,26.05,24.17,23.82,24.6,26.17,25.66,25.82,25.03,25.11,26.54,25.19,24.62,25.39,26.27,23.11,24.66,25.24,24.19,25.3,25.29
2012,7,18,9,25.33,24.87,24.52,24.22,24.96,26.04,24.78,24.92,24.46,24.24,24.87,23.07,24.49,26.04,24.16,24.15,25.87,24.33,24.59,23.82,23.09,25.11,26.09,25.87,24.37,24.96,25.79,25.82,24.89,25.32,23.35,24.25,24.87,23.89,23.79,25.18,24.37,23.29,24.3,24.04,24.85,25.71,24.11,24.6,24.42,24.49,25.2,24.72,24.55,23.65,23.42,24.38,24.36,25.44,24.96,24.0,24.39,24.7,24.92,25.68,24.19,23.81,25.83,23.97,23.65,24.68,26.0,25.47,25.57,24.79,24.93,26.28,24.93,24.38,25.13,26.11,23.0,24.46,25.07,23.99,25.1,25.04
2012,7,18,10,25.19,24.63,24.37,24.04,24.71,25.87,24.59,24.73,24.24,24.05,24.76,22.98,24.27,25.83,23.98,24.01,25.65,24.24,24.45,23.93,23.18,24.93,26.02,25.8,24.17,24.78,25.63,25.63,24.64,25.4,23.26,24.06,24.77,23.82,23.71,24.97,24.24,23.23,24.1,23.88,24.59,25.55,23.93,24.39,24.23,24.31,24.96,24.47,24.38,23.49,23.31,24.22,24.15,25.24,24.81,24.01,24.21,24.49,24.67,25.48,24.01,23.68,25.64,23.8,23.54,24.65,25.85,25.3,25.35,24.53,24.72,26.04,24.68,24.17,24.95,25.95,22.99,24.27,24.93,23.82,24.9,24.83
2012,7,18,11,25.11,24.43,24.27,23.9,24.56,25.68,24.44,24.58,24.07,23.91,24.72,22.94,24.09,25.63,23.89,23.92,25.47,24.21,24.4,23.88,23.18,24.8,25.84,25.62,24.04,24.62,25.48,25.5,24.41,25.14,23.23,23.92,24.71,23.82,23.58,24.8,24.15,23.14,23.97,23.75,24.35,25.4,23.87,24.23,24.09,24.17,24.81,24.28,24.24,23.37,23.23,24.07,23.98,25.06,24.66,24.02,24.12,24.31,24.43,25.28,23.88,23.59,25.49,23.68,23.49,24.57,25.69,25.14,25.17,24.35,24.5,25.82,24.48,24.04,24.86,25.79,23.02,24.13,24.87,23.69,24.77,24.69
2012,7,18,12,25.25,24.77,24.48,24.27,25.05,25.83,24.87,24.9,24.55,24.36,25.0,23.13,24.52,25.88,24.25,24.27,25.83,24.54,24.67,24.04,23.43,25.14,25.89,25.63,24.4,24.87,25.68,25.74,24.76,25.32,23.66,24.24,24.96,24.16,23.93,25.16,24.48,23.44,24.29,24.14,24.77,25.66,24.23,24.57,24.4,24.49,25.24,24.63,24.65,23.84,23.67,24.41,24.43,25.39,24.88,24.27,24.44,24.81,24.76,25.64,24.21,23.99,25.72,24.03,23.9,24.7,25.9,25.46,25.53,24.78,24.83,26.11,24.94,24.36,25.16,25.95,23.22,24.59,24.99,24.14,25.12,24.92
2012,7,18,13,26.43,26.44,25.83,25.99,26.7,27.36,26.43,26.39,26.49,26.1,26.4,24.08,26.43,27.33,25.97,25.89,27.28,26.24,26.03,25.52,24.65,26.53,27.02,26.9,26.21,26.39,27.14,27.15,26.63,26.54,24.95,26.0,26.22,25.38,25.56,26.57,26.22,24.6,26.01,25.95,26.73,27.14,25.81,26.5,26.06,26.23,26.8,26.63,26.24,25.89,25.39,26.4,26.35,26.8,26.54,25.81,25.96,26.66,26.56,27.18,26.02,25.9,27.23,25.76,25.54,26.44,27.33,26.92,26.95,26.46,26.53,27.46,26.74,26.0,26.67,27.37,24.08,26.24,26.23,26.0,26.47,26.48
2012,7,18,14,27.92,28.34,27.61,27.87,28.17,28.77,28.09,28.08,28.27,28.11,28.02,24.67,28.22,28.95,27.75,26.81,28.71,27.41,27.79,27.12,26.09,28.18,28.2,28.01,27.94,28.03,28.52,28.49,28.49,27.72,25.67,27.29,27.91,25.92,26.41,27.89,27.56,24.99,27.62,27.8,28.53,28.53,27.59,28.21,27.79,27.73,28.04,28.44,28.11,27.71,26.74,27.99,28.23,28.3,28.03,26.77,27.72,28.34,28.39,28.82,27.75,27.57,28.6,27.41,26.81,27.85,28.65,28.45,28.38,28.18,28.3,29.15,28.3,27.65,28.18,28.65,25.0,28.14,27.79,27.92,28.02,28.12
2012,7,18,15,28.86,29.74,28.66,29.46,29.66,30.17,29.56,29.6,29.48,29.53,29.21,25.55,29.57,30.4,29.09,27.43,30.21,28.28,28.83,28.55,27.77,29.67,28.95,28.8,29.35,29.59,29.92,29.9,29.66,28.82,25.77,28.16,28.97,26.62,26.0,29.26,28.27,25.24,28.67,29.48,29.39,29.88,28.73,29.48,29.4,28.49,29.48,29.53,29.67,28.56,27.01,28.02,29.64,29.73,28.94,28.11,28.75,29.17,29.53,30.27,29.32,28.94,30.01,28.87,27.56,28.93,29.93,29.84,29.84,29.55,29.37,30.71,29.2,28.54,29.56,29.98,26.56,29.61,28.8,29.17,29.55,29.61
2012,7,18,16,29.87,30.28,29.48,30.13,30.86,31.1,30.11,30.21,29.25,30.09,30.2,26.62,29.14,31.61,30.01,28.67,32.02,29.36,29.7,29.52,29.02,30.26,29.72,29.49,30.05,30.31,30.57,30.69,29.3,29.54,27.09,29.01,29.98,28.16,25.83,30.19,29.23,25.86,29.55,30.04,29.53,30.54,29.62,27.77,30.15,29.31,31.1,28.95,30.13,28.17,27.42,26.71,29.44,30.87,29.83,29.27,29.47,29.93,29.64,31.36,30.08,29.53,30.72,29.85,28.73,29.8,30.7,30.63,31.48,30.29,29.78,32.19,30.03,29.27,30.37,30.77,27.77,30.13,29.64,28.8,30.28,30.3
2012,7,18,17,30.89,31.16,30.44,30.18,32.0,31.76,30.47,30.32,29.79,30.06,31.12,28.79,28.12,32.35,31.07,29.81,33.29,30.4,30.64,30.54,30.45,30.69,30.31,30.18,30.95,30.5,31.09,31.55,30.09,30.21,29.17,30.02,30.87,29.94,26.59,30.83,30.05,27.42,30.49,29.97,30.3,30.9,30.51,26.68,30.55,30.18,32.32,28.3,30.34,28.66,28.69,26.78,28.6,31.62,30.55,30.43,30.4,30.58,30.46,32.05,31.01,30.36,31.46,30.94,30.24,30.52,31.18,31.11,32.54,31.19,30.71,33.18,30.92,30.25,31.32,31.43,29.92,30.02,30.82,29.23,30.73,30.8
2012,7,18,18,31.9,31.86,31.27,29.05,32.61,32.26,29.81,30.0,28.24,28.19,31.77,30.81,27.13,32.97,31.48,31.13,34.18,31.4,31.62,31.3,31.74,30.48,30.51,30.4,31.45,30.71,31.49,32.2,28.42,30.44,30.65,31.14,31.82,31.02,28.61,31.18,31.21,30.05,30.85,30.15,29.06,31.23,30.89,25.74,31.01,31.01,32.98,27.11,29.16,29.25,30.51,27.11,27.4,32.28,30.97,31.51,30.81,29.86,30.51,32.62,31.38,31.18,31.99,31.7,31.17,31.18,31.59,31.55,33.3,31.67,31.18,33.98,30.92,30.69,32.04,31.91,31.37,28.55,31.73,28.03,31.0,31.27
2012,7,18,19,32.31,32.62,31.98,28.64,33.8,32.7,28.04,29.47,26.35,27.29,32.69,31.13,26.04,33.16,32.44,29.21,34.23,28.93,32.25,31.11,31.1,29.64,31.5,30.68,31.91,30.33,31.9,32.89,26.23,29.91,29.45,31.14,32.43,28.36,29.25,31.47,29.82,30.62,32.34,30.61,27.46,31.45,32.22,26.43,30.88,31.77,33.7,25.67,28.06,30.16,31.08,27.97,26.68,32.68,31.81,29.43,32.27,28.28,29.47,32.92,31.78,31.73,32.69,31.93,30.43,30.18,32.09,31.83,33.59,33.1,29.31,33.94,31.08,32.37,32.6,32.57,30.71,26.92,32.24,28.27,30.54,31.11
2012,7,18,20,32.89,30.44,32.39,28.81,32.67,32.94,27.92,29.11,26.9,27.97,32.86,30.7,26.67,33.37,32.62,29.69,34.5,29.28,32.69,28.81,30.37,29.22,29.67,28.32,31.57,29.99,31.9,33.07,26.61,27.62,29.81,31.33,32.86,28.97,29.78,30.32,29.38,30.82,32.35,30.57,27.32,31.59,32.42,27.28,30.1,31.27,33.4,26.35,28.1,30.36,31.29,28.75,27.43,32.48,29.55,29.7,32.36,27.92,28.0,33.1,31.17,31.46,32.74,31.93,30.51,28.94,32.29,31.7,33.7,30.4,28.32,34.23,28.86,32.14,32.58,32.74,30.58,27.35,32.71,28.87,29.73,30.74
2012,7,18,21,32.61,28.95,32.17,29.18,30.92,32.7,28.56,29.62,27.77,28.62,32.71,30.88,27.67,33.45,31.82,30.25,34.52,29.81,32.48,27.15,29.68,29.56,27.94,26.75,31.52,29.93,31.36,32.99,27.09,26.19,30.03,31.61,32.6,29.98,30.44,30.22,29.95,31.07,32.26,30.52,27.83,31.49,32.31,28.19,30.33,31.31,32.42,27.09,28.85,30.83,31.29,29.55,28.36,32.35,28.21,29.8,32.25,28.52,28.07,33.16,30.35,30.63,32.56,30.92,30.08,27.58,32.09,31.67,33.64,29.22,28.05,34.35,29.12,31.92,32.49,32.39,30.46,28.22,32.42,29.47,29.85,30.65
2012,7,18,22,31.86,28.95,30.78,29.71,30.37,31.56,28.78,29.83,28.21,29.25,31.6,30.62,28.26,32.81,30.29,29.99,34.03,29.29,30.85,26.06,28.26,29.68,26.07,26.01,30.82,29.88,31.15,32.73,27.69,25.97,29.83,31.05,31.21,30.3,30.61,30.01,29.35,30.83,31.35,30.38,28.17,31.06,30.93,28.42,30.48,30.05,31.73,27.72,29.23,30.76,30.79,29.81,28.95,31.8,27.13,28.81,31.49,28.81,28.32,32.59,30.32,29.77,32.33,30.26,29.28,26.74,31.33,31.24,33.1,29.25,28.29,34.01,29.17,30.1,31.96,32.14,30.13,28.87,30.91,29.82,29.7,30.66
2012,7,18,23,30.8,28.8,29.04,29.59,29.88,31.17,28.82,29.76,28.3,29.26,30.3,27.91,28.37,31.93,29.0,29.0,32.16,28.59,29.72,25.86,26.76,29.61,25.68,25.62,29.82,29.87,30.92,31.81,27.74,26.21,28.08,28.01,30.02,29.09,29.08,29.49,28.31,28.67,28.41,29.91,28.34,30.46,29.18,28.5,30.24,27.13,30.39,27.87,29.23,29.11,29.01,29.67,29.01,30.66,26.38,27.85,28.16,28.75,28.25,31.77,29.6,29.45,31.87,29.29,29.08,26.35,30.41,30.74,30.95,29.03,28.23,32.89,29.0,26.59,30.79,31.59,28.11,28.91,29.89,29.47,29.42,30.58
2012,7,19,0,29.95,28.3,27.23,28.89,29.33,30.61,28.44,29.13,28.1,28.7,29.47,27.06,28.19,31.15,28.27,27.2,31.65,27.11,28.52,25.76,26.4,29.1,25.67,25.44,29.02,29.24,30.08,30.79,27.59,25.98,27.13,26.7,29.31,27.4,28.39,28.96,26.58,27.6,26.74,29.02,28.11,29.98,27.11,28.15,29.4,25.69,29.84,27.73,28.81,28.27,27.65,28.78,28.57,29.93,25.89,27.03,25.19,28.47,27.95,30.91,29.02,28.71,30.73,28.34,28.09,25.87,30.11,29.97,30.57,28.59,27.79,32.17,28.66,24.86,29.92,30.55,27.16,28.57,28.91,28.61,28.87,29.61
2012,7,19,1,28.91,27.44,26.28,28.2,28.3,29.79,27.62,28.26,27.24,27.94,28.6,26.71,27.53,30.09,27.49,26.3,30.35,26.51,27.46,25.46,25.94,28.21,25.67,25.41,28.28,28.62,29.4,29.91,26.74,25.79,26.52,25.97,28.37,26.66,27.65,28.0,26.08,26.81,25.82,28.28,27.16,29.24,26.03,27.46,28.43,25.38,28.79,26.98,27.93,27.56,26.79,28.11,27.88,28.91,25.58,26.45,24.69,27.46,27.07,29.74,28.06,27.88,29.87,27.21,27.12,25.49,29.42,28.98,29.43,27.66,26.96,30.93,27.67,24.68,29.04,29.67,26.79,27.78,28.08,28.05,28.03,28.83
2012,7,19,2,27.87,26.7,25.54,27.38,27.45,28.97,26.88,27.49,26.43,27.16,27.61,26.13,26.74,29.21,26.5,25.75,29.29,25.91,26.46,25.11,25.56,27.42,25.68,25.36,27.38,27.84,28.67,29.03,25.98,25.58,26.01,25.38,27.29,26.15,26.81,27.25,25.49,26.12,25.22,27.35,26.38,28.48,25.24,26.77,27.6,24.92,27.89,26.2,27.13,26.69,26.15,27.35,27.09,28.06,25.22,25.89,24.36,26.65,26.33,28.78,27.16,26.98,28.99,26.34,26.35,25.1,28.71,28.13,28.52,26.89,26.21,29.91,26.88,24.44,28.17,28.87,26.2,26.95,27.28,27.17,27.28,27.98
2012,7,19,3,27.09,26.22,24.99,26.77,26.86,28.42,26.38,26.96,25.93,26.59,26.89,25.79,26.16,28.56,25.78,25.27,28.51,25.41,25.66,24.85,25.26,26.86,25.7,25.43,26.72,27.32,28.19,28.41,25.53,25.5,25.63,24.89,26.49,25.67,26.15,26.73,25.05,25.69,24.7,26.7,25.91,27.96,24.64,26.23,27.03,24.57,27.25,25.75,26.57,26.05,25.71,26.67,26.48,27.44,24.89,25.44,24.05,26.14,25.85,28.08,26.53,26.39,28.4,25.73,25.81,24.85,28.23,27.54,27.83,26.36,25.76,29.09,26.33,24.1,27.52,28.36,25.84,26.37,26.63,26.45,26.75,27.46
2012,7,19,4,26.6,25.85,24.78,26.13,26.43,27.92,25.99,26.56,25.54,25.84,26.34,25.26,25.64,28.05,25.21,24.76,27.89,25.04,25.28,24.56,24.85,26.48,25.52,25.25,26.07,26.86,27.77,28.02,25.21,25.26,25.06,24.48,25.98,25.15,25.55,26.32,24.73,25.2,24.35,26.06,25.57,27.56,24.36,25.68,26.4,24.37,26.77,25.4,26.08,25.5,25.18,25.91,25.75,26.96,24.58,25.05,23.98,25.77,25.52,27.57,25.8,25.73,27.98,25.05,25.16,24.61,27.84,27.13,27.28,25.98,25.4,28.43,25.95,24.01,27.01,27.96,25.32,25.83,26.22,25.71,26.35,26.96
2012,7,19,5,26.3,25.52,24.67,25.68,26.05,27.57,25.68,26.24,25.28,25.42,25.92,24.84,25.39,27.62,24.84,24.34,27.36,24.61,25.05,24.36,24.53,26.2,25.51,24.98,25.57,26.49,27.43,27.7,24.96,25.02,24.59,24.16,25.66,24.66,25.11,25.98,24.34,24.8,24.11,25.59,25.3,27.25,24.16,25.41,25.9,24.11,26.34,25.2,25.74,25.08,24.75,25.43,25.39,26.56,24.39,24.66,23.92,25.47,25.21,27.15,25.29,25.23,27.65,24.63,24.7,24.3,27.54,26.8,26.81,25.65,25.07,27.89,25.63,23.88,26.57,27.74,24.89,25.49,25.97,25.26,26.04,26.53
2012,7,19,6,26.04,25.29,24.52,25.41,25.76,27.3,25.43,26.06,25.0,25.19,25.64,24.49,25.09,27.33,24.54,23.99,26.98,24.27,24.85,24.17,24.28,26.03,25.25,24.72,25.14,26.18,27.05,27.24,24.75,24.77,24.19,23.87,25.43,24.27,24.79,25.72,24.04,24.5,23.88,25.2,25.06,27.02,23.99,25.09,25.43,23.89,26.02,24.97,25.59,24.76,24.4,25.07,25.08,26.31,24.08,24.35,23.84,25.21,25.0,26.91,24.8,24.79,27.2,24.24,24.28,24.05,27.29,26.61,26.5,25.42,24.84,27.53,25.38,23.75,26.16,27.44,24.55,25.25,25.7,24.97,25.83,26.07
2012,7,19,7,25.95,24.17,24.54,23.64,24.65,25.92,24.63,24.57,24.44,23.88,24.89,23.42,24.38,25.99,23.89,23.11,25.83,23.5,24.72,23.36,23.13,24.85,25.56,25.2,24.01,24.35,25.29,25.82,24.25,24.73,23.09,23.23,25.14,23.26,23.8,25.26,23.4,23.48,23.58,23.42,24.57,25.56,23.89,24.32,23.83,23.57,24.92,24.37,24.01,23.43,23.14,24.19,24.22,25.75,24.09,23.4,24.09,24.78,24.17,25.95,23.51,23.2,25.55,23.21,23.0,23.81,25.77,25.52,25.83,24.44,23.99,26.62,24.82,23.8,25.04,26.0,23.32,24.05,25.41,23.83,25.04,24.38
2012,7,19,8,25.83,24.09,24.57,23.53,24.6,25.85,24.44,24.44,24.21,23.75,24.94,23.14,24.1,25.74,24.0,23.08,25.62,23.5,24.74,23.37,23.02,24.71,25.47,25.19,24.08,24.24,25.26,25.9,24.1,24.88,22.86,23.3,25.13,23.11,23.61,25.06,23.45,23.24,23.71,23.33,24.4,25.41,24.02,24.02,23.81,23.66,24.82,24.13,23.89,23.29,22.94,23.95,24.0,25.47,24.11,23.36,24.2,24.59,24.05,25.62,23.54,23.13,25.62,23.28,22.92,23.85,25.66,25.3,25.55,24.37,23.87,26.23,24.69,23.91,25.1,26.01,23.11,23.89,25.34,23.69,24.85,24.38
2012,7,19,9,25.64,24.06,24.51,23.5,24.49,25.87,24.36,24.4,24.08,23.72,24.97,22.93,23.93,25.64,24.12,23.18,25.36,23.55,24.7,23.44,22.99,24.65,25.3,25.19,24.19,24.24,25.34,25.94,23.95,24.96,22.76,23.46,25.08,23.07,23.53,24.89,23.57,23.08,23.87,23.33,24.16,25.38,24.1,23.8,23.87,23.82,24.64,23.94,23.85,23.25,22.86,23.83,23.9,25.26,24.16,23.39,24.22,24.43,23.94,25.43,23.65,23.17,25.71,23.43,22.97,23.93,25.67,25.19,25.29,24.27,23.86,25.94,24.51,24.0,25.15,26.09,22.96,23.84,25.19,23.65,24.76,24.47
2012,7,19,10,25.5,23.94,24.45,23.49,24.26,25.85,24.28,24.31,24.03,23.69,24.99,22.8,23.89,25.54,24.24,23.38,25.11,23.68,24.66,23.43,23.06,24.55,25.29,25.14,24.35,24.27,25.46,25.97,23.71,24.68,22.77,23.67,25.04,23.15,23.42,24.7,23.72,22.95,24.02,23.39,23.97,25.33,24.16,23.7,24.01,23.95,24.38,23.83,23.78,23.22,22.85,23.76,23.87,25.03,24.2,23.48,24.21,24.3,23.66,25.26,23.84,23.3,25.81,23.66,23.14,23.99,25.69,25.07,25.02,24.04,23.7,25.71,24.28,24.04,25.21,26.16,22.91,23.8,25.08,23.62,24.62,24.63
2012,7,19,11,25.35,23.86,24.36,23.43,24.05,25.82,24.14,24.19,23.91,23.56,24.95,22.75,23.79,25.47,24.21,23.48,24.92,23.67,24.59,23.24,23.0,24.41,25.29,24.99,24.39,24.28,25.52,25.89,23.64,24.2,22.84,23.73,24.95,23.2,23.32,24.51,23.74,22.89,24.02,23.43,23.89,25.27,24.14,23.61,24.07,23.97,24.18,23.74,23.66,23.18,22.9,23.67,23.77,24.83,24.2,23.42,24.16,24.16,23.58,25.11,23.91,23.4,25.81,23.71,23.26,23.85,25.69,24.94,24.81,23.88,23.61,25.53,24.12,24.02,25.17,26.12,22.86,23.69,24.95,23.52,24.47,24.69
2012,7,19,12,25.45,24.19,24.54,23.9,24.37,26.11,24.48,24.61,24.25,23.98,25.1,23.21,24.12,25.81,24.36,23.79,25.22,23.84,24.78,23.15,23.2,24.78,25.41,24.97,24.55,24.7,25.84,25.93,23.95,23.98,23.3,23.97,25.14,23.59,23.76,24.78,23.99,23.37,24.22,23.9,24.21,25.65,24.33,23.82,24.44,24.26,24.47,24.0,24.09,23.69,23.4,23.96,24.14,25.12,24.32,23.57,24.38,24.5,23.89,25.48,24.15,23.82,25.99,23.87,23.59,23.9,26.03,25.3,25.08,24.24,23.85,25.83,24.46,24.27,25.17,26.33,23.33,24.08,25.05,23.95,24.78,25.02
2012,7,19,13,26.49,25.32,25.55,25.5,25.58,27.25,25.91,26.14,25.62,25.6,25.99,24.34,25.27,27.12,25.18,24.59,26.57,24.46,25.78,23.6,23.67,26.22,25.99,25.78,25.29,26.1,26.92,26.6,24.89,24.65,24.31,24.79,26.17,24.4,25.1,26.13,24.79,24.63,25.1,25.32,25.36,26.97,25.21,24.45,25.53,25.27,25.73,24.83,25.64,25.46,24.65,24.95,25.47,26.54,25.23,24.09,25.44,25.9,24.95,26.93,24.97,24.82,26.82,24.71,24.48,24.52,27.21,26.74,26.45,25.41,24.87,27.15,25.74,25.38,25.8,27.27,24.08,25.57,26.0,25.66,26.21,26.07
2012,7,19,14,27.84,26.68,26.81,26.79,27.12,28.7,27.52,27.74,27.1,27.01,27.22,25.09,26.25,28.79,26.19,25.15,28.39,24.86,27.06,24.75,24.22,27.87,26.62,25.94,26.2,27.37,28.15,27.92,25.53,25.94,25.29,25.47,27.45,24.63,25.88,27.58,24.95,25.55,25.87,26.39,26.52,28.4,26.16,25.13,26.36,25.65,27.35,25.38,27.4,26.59,25.75,25.71,26.35,28.14,25.94,24.7,26.53,27.41,26.12,28.62,25.9,25.83,28.11,25.7,25.47,25.27,28.59,28.31,28.17,26.84,25.94,28.94,27.23,26.23,26.99,28.54,24.4,27.29,27.33,26.69,27.71,27.1
2012,7,19,15,29.16,28.53,28.15,27.18,29.19,30.15,29.11,28.91,28.65,27.62,28.51,25.14,27.3,30.38,27.01,25.79,30.53,25.81,28.39,25.63,24.76,29.31,26.96,27.91,26.93,28.33,29.47,29.34,26.82,28.12,25.48,25.94,28.8,25.38,26.49,29.35,26.07,25.74,26.5,26.67,28.34,29.76,27.24,26.2,26.75,26.62,29.55,26.87,28.53,27.01,25.79,26.35,26.88,29.87,26.68,25.44,27.78,29.23,27.89,30.25,26.39,25.93,29.6,25.92,25.65,27.13,29.92,29.81,30.16,28.81,27.46,30.76,29.13,27.24,28.02,29.96,24.55,28.56,28.67,26.85,29.28,28.04
2012,7,19,16,30.05,30.18,29.02,27.11,31.12,31.59,30.42,29.76,29.81,27.51,29.43,25.01,28.44,31.91,27.87,26.38,32.41,26.72,29.26,25.9,25.28,30.59,26.89,27.11,27.3,29.14,30.67,30.5,28.06,27.29,25.81,26.37,29.68,26.19,26.07,30.96,26.39,25.62,27.0,26.85,29.73,30.9,28.03,27.15,27.15,26.62,31.49,28.09,29.16,26.47,26.04,26.59,27.49,31.48,26.61,26.31,28.25,30.6,29.34,31.77,26.75,26.4,30.88,26.55,26.16,26.72,31.18,31.18,31.95,30.6,28.71,32.43,30.73,27.3,28.72,31.36,24.83,29.54,29.84,26.55,30.8,28.91
2012,7,19,17,31.06,31.68,30.28,28.4,32.61,32.81,31.25,30.59,30.93,28.79,30.36,25.16,29.71,33.12,28.45,26.98,34.1,27.1,30.28,26.86,27.36,31.31,27.56,27.49,28.22,29.98,31.25,31.19,30.13,27.42,26.43,27.14,30.63,26.62,26.93,32.1,26.99,26.25,27.65,27.64,31.25,31.72,28.72,28.51,27.75,27.2,33.11,29.91,30.2,27.43,27.13,27.66,28.72,32.7,27.29,27.16,29.32,31.74,30.96,32.88,26.78,26.95,31.31,27.12,26.64,27.58,32.16,32.08,33.51,31.96,30.42,33.9,32.04,27.98,30.01,32.2,25.45,30.44,31.02,27.63,31.64,29.66
2012,7,19,18,31.82,32.93,30.99,28.77,33.64,33.33,31.54,30.77,30.95,29.07,29.63,25.33,29.25,34.05,27.94,26.81,35.09,26.74,30.79,26.75,27.06,31.56,28.03,27.96,28.81,30.08,31.27,31.45,31.03,27.09,25.96,27.25,30.67,26.51,26.12,32.7,26.83,25.16,27.43,28.07,31.9,31.81,28.56,28.47,28.42,27.2,33.92,30.19,30.61,26.54,26.04,27.37,28.35,33.21,27.42,27.03,29.38,32.3,32.03,33.54,27.98,27.52,31.53,27.26,26.48,27.69,32.27,32.44,34.28,33.14,31.67,34.94,33.01,27.76,29.86,32.29,26.27,30.35,32.02,27.44,31.97,29.9
2012,7,19,19,31.43,30.19,30.42,28.27,32.97,32.65,29.35,29.56,28.64,28.09,28.13,27.62,28.64,33.17,27.05,26.19,35.2,25.19,29.23,26.55,26.09,30.09,26.85,26.36,27.99,30.01,31.4,30.7,26.68,26.59,28.04,26.24,28.87,26.07,28.01,31.26,25.29,27.69,26.61,28.37,27.33,31.51,26.9,28.99,29.05,25.82,34.01,27.78,28.81,27.73,28.18,28.89,28.47,32.69,26.19,25.31,27.84,29.23,27.21,33.12,28.46,28.98,31.21,27.58,28.41,25.95,32.06,31.81,33.96,30.03,29.01,34.43,29.5,26.28,28.74,32.15,27.01,28.41,32.28,27.84,30.6,30.15
2012,7,19,20,31.47,26.78,28.12,28.97,31.38,33.02,29.67,30.02,27.65,27.61,27.73,26.7,26.49,33.85,27.27,26.28,35.6,24.94,28.05,25.77,25.49,30.7,26.61,26.24,28.56,30.42,31.6,30.92,27.15,25.94,27.81,26.36,28.42,25.43,28.88,30.58,24.94,28.15,26.4,29.25,27.41,32.0,26.25,28.07,29.84,25.16,33.78,27.31,29.35,28.45,28.77,28.79,26.41,33.0,25.96,25.05,26.61,28.81,26.51,33.62,29.07,29.38,31.44,28.02,28.08,25.81,32.56,32.42,34.48,27.94,26.8,34.9,28.43,25.43,28.75,32.38,25.39,28.27,32.02,27.78,31.02,30.63
2012,7,19,21,30.27,26.77,27.11,29.08,30.26,33.34,29.61,30.41,27.49,27.48,27.88,26.49,26.0,34.02,27.77,26.27,35.65,26.15,27.32,25.36,24.9,31.06,26.64,26.14,28.9,30.65,31.82,29.83,27.69,25.46,26.44,26.51,27.63,25.29,29.39,30.92,27.25,28.59,26.55,29.86,27.61,32.4,26.23,26.24,30.26,26.19,33.08,27.02,29.57,29.16,28.97,28.15,26.12,33.02,27.41,24.81,25.87,28.89,26.83,33.71,29.5,29.49,30.88,28.1,27.37,26.38,32.82,32.74,34.34,27.76,26.79,34.99,28.7,25.48,28.44,32.45,24.92,28.28,31.48,27.74,31.06,30.56
2012,7,19,22,28.7,26.93,26.27,28.87,30.1,33.24,29.01,30.18,27.36,27.3,28.02,26.14,26.1,33.81,27.49,25.9,34.59,25.24,26.93,25.19,24.91,30.54,25.94,25.36,28.32,30.32,30.53,29.12,27.62,25.0,25.8,26.16,27.38,25.04,28.76,30.34,25.8,27.47,26.49,29.6,27.71,32.15,26.29,26.14,29.07,25.95,31.37,26.9,28.96,28.84,27.22,27.16,26.25,32.3,26.19,24.68,25.43,28.64,27.07,33.35,28.04,27.93,29.5,26.89,26.52,25.46,32.64,32.18,33.33,28.19,26.82,34.71,28.91,25.71,28.4,31.15,24.99,27.9,29.55,27.72,30.23,29.11
2012,7,19,23,27.61,27.51,25.83,28.15,30.07,32.4,29.29,29.96,27.59,27.66,28.02,26.07,26.38,32.89,27.41,25.8,32.59,24.91,26.89,24.54,24.85,30.47,25.37,24.88,27.9,28.92,29.5,28.96,27.63,24.48,25.76,26.18,27.42,25.1,26.96,30.21,25.32,26.72,26.47,27.18,27.92,31.19,26.36,25.86,27.8,25.77,31.02,26.75,29.13,27.14,26.55,27.05,26.64,31.4,25.14,24.62,25.48,28.86,27.55,32.38,27.44,26.54,29.25,26.77,26.28,24.62,31.19,31.51,31.79,28.55,27.22,33.73,29.07,25.51,28.29,30.07,25.07,28.15,27.23,27.61,30.16,28.31
2012,7,20,0,27.02,27.35,25.33,27.12,29.49,31.25,28.74,28.86,27.2,27.42,27.7,25.58,26.29,32.2,27.07,25.68,31.93,24.69,26.41,24.29,24.67,29.65,25.23,25.06,27.67,28.03,28.95,28.73,26.96,24.79,25.42,25.97,27.18,25.04,26.02,29.51,24.91,26.08,26.18,26.23,27.41,30.02,26.07,25.84,27.24,25.33,30.32,26.32,28.46,26.38,26.1,26.31,26.62,30.57,24.42,24.54,25.15,28.35,27.19,31.61,26.98,26.15,28.96,26.5,25.9,24.21,30.33,30.68,31.22,28.24,26.88,33.02,28.6,25.0,28.08,29.4,24.88,27.88,26.04,26.79,29.55,28.05
2012,7,20,1,26.08,26.81,24.77,26.31,28.64,30.1,27.97,27.81,26.59,26.53,27.01,25.14,25.93,31.14,26.3,25.25,30.96,24.4,25.59,24.23,24.41,28.66,24.92,24.68,27.01,27.28,28.37,28.23,26.18,24.85,25.12,25.35,26.41,24.83,25.46,28.69,24.45,25.56,25.43,25.72,26.65,28.97,25.31,25.44,26.7,24.69,29.35,25.7,27.49,25.7,25.59,25.42,26.06,29.7,24.14,24.34,24.5,27.52,26.56,30.62,26.46,25.73,28.43,25.9,25.52,24.11,29.35,29.65,30.22,27.54,26.29,31.96,27.79,24.39,27.48,28.8,24.64,27.16,25.45,25.73,28.77,27.52
2012,7,20,2,25.63,26.38,24.4,25.74,27.96,29.17,27.36,27.03,26.15,25.89,26.37,24.8,25.6,30.18,25.66,24.86,30.14,24.11,24.98,24.1,24.15,27.82,25.05,24.84,26.43,26.73,27.87,27.68,25.57,25.03,24.83,24.87,25.74,24.55,25.11,28.08,24.11,25.13,24.88,25.36,26.11,28.16,24.71,25.16,26.28,24.28,28.59,25.3,26.71,25.26,25.2,25.13,25.63,29.02,23.98,24.09,24.09,26.92,26.07,29.76,26.03,25.4,27.86,25.45,25.19,24.03,28.57,28.75,29.44,27.02,25.8,31.08,27.17,24.02,26.91,28.26,24.4,26.52,25.19,25.27,28.06,27.02
2012,7,20,3,25.4,26.1,24.27,25.38,27.54,28.52,26.88,26.48,25.89,25.43,25.86,24.56,25.37,29.34,25.17,24.55,29.58,23.93,24.68,23.95,23.9,27.13,25.16,25.05,25.93,26.35,27.48,27.34,25.24,25.06,24.66,24.5,25.31,24.35,24.88,27.65,23.89,24.87,24.5,25.18,25.82,27.62,24.35,24.93,25.92,24.02,28.13,25.11,26.13,25.01,24.99,24.88,25.29,28.43,23.96,23.89,23.92,26.59,25.73,28.96,25.65,25.21,27.46,25.06,24.96,23.99,28.04,27.98,28.89,26.68,25.46,30.31,26.8,23.81,26.49,27.88,24.18,26.03,25.05,24.95,27.45,26.6
2012,7,20,4,25.19,25.84,24.12,25.12,27.18,28.06,26.44,26.11,25.64,25.09,25.45,24.45,25.13,28.66,24.8,24.35,29.06,23.83,24.43,23.86,23.77,26.63,25.13,24.98,25.54,26.09,27.16,26.98,25.01,25.0,24.58,24.23,24.97,24.25,24.77,27.22,23.75,24.75,24.22,25.02,25.59,27.23,24.08,24.7,25.66,23.82,27.72,24.91,25.71,24.85,24.88,24.72,25.01,27.87,23.85,23.81,23.75,26.31,25.47,28.29,25.34,25.06,27.11,24.74,24.79,23.88,27.64,27.43,28.38,26.39,25.2,29.6,26.5,23.62,26.09,27.57,24.05,25.62,24.94,24.72,26.91,26.29
2012,7,20,5,25.03,25.72,24.0,24.9,26.92,27.78,26.04,25.85,25.39,24.78,25.06,24.42,24.89,28.14,24.43,24.17,28.58,23.77,24.2,23.9,23.77,26.24,25.09,24.86,25.16,25.92,26.95,26.63,24.85,24.92,24.5,24.02,24.67,24.19,24.55,26.79,23.65,24.59,23.97,24.88,25.44,26.97,23.81,24.49,25.45,23.67,27.37,24.74,25.37,24.6,24.72,24.52,24.74,27.34,23.82,23.8,23.6,26.05,25.33,27.72,25.05,24.9,26.82,24.45,24.6,23.89,27.4,27.0,27.88,26.21,25.07,28.95,26.26,23.47,25.71,27.34,24.05,25.27,24.85,24.47,26.46,26.06
2012,7,20,6,24.9,25.65,23.93,24.79,26.64,27.53,25.69,25.68,25.1,24.58,24.74,24.34,24.63,27.82,24.07,23.9,28.12,23.63,24.03,23.83,23.72,26.0,24.99,24.68,24.72,25.71,26.64,26.22,24.73,24.76,24.34,23.71,24.46,24.02,24.4,26.38,23.47,24.45,23.67,24.76,25.27,26.76,23.58,24.29,25.12,23.46,26.96,24.56,25.18,24.45,24.54,24.34,24.51,26.93,23.74,23.7,23.52,25.73,25.24,27.37,24.67,24.66,26.42,24.08,24.31,23.78,27.18,26.75,27.42,26.06,24.97,28.47,26.02,23.35,25.29,27.03,23.99,25.01,24.75,24.31,26.13,25.68
2012,7,20,7,24.15,24.81,22.86,24.08,26.09,26.7,25.3,24.97,24.84,24.21,23.9,23.39,24.5,27.09,23.09,22.77,26.61,23.07,23.07,23.32,23.23,25.54,24.62,24.3,23.72,24.74,25.5,24.96,24.51,24.27,23.17,22.57,23.62,23.05,23.95,26.13,22.77,23.66,22.57,23.91,24.92,25.95,22.57,24.17,24.09,22.57,26.38,24.49,24.7,23.77,23.57,24.18,24.31,26.7,23.27,23.22,22.47,25.15,24.63,27.01,23.58,23.63,25.17,22.94,23.11,23.33,26.3,26.3,26.72,25.45,24.18,27.26,25.49,22.4,24.32,25.8,23.24,24.72,23.94,23.98,25.82,24.57
2012,7,20,8,24.23,24.7,22.92,23.95,25.87,26.5,25.07,24.79,24.66,24.11,23.9,23.19,24.34,26.86,23.08,22.54,26.44,22.93,23.14,23.31,23.2,25.32,24.5,24.18,23.65,24.56,25.31,24.86,24.46,24.17,22.86,22.42,23.67,22.8,23.85,25.82,22.62,23.5,22.5,23.74,24.76,25.74,22.57,23.99,23.93,22.43,26.12,24.34,24.55,23.62,23.3,24.05,24.18,26.41,23.14,23.12,22.44,24.91,24.59,26.74,23.42,23.39,25.03,22.79,22.81,23.25,26.09,26.06,26.49,25.28,24.21,27.02,25.26,22.3,24.26,25.64,23.11,24.56,24.06,23.87,25.56,24.42
2012,7,20,9,24.41,24.37,23.14,23.77,25.54,26.36,24.82,24.54,24.44,23.99,23.93,23.06,24.22,26.66,23.12,22.36,26.31,22.72,23.32,23.28,23.14,25.06,24.58,24.22,23.6,24.35,25.18,24.83,24.27,24.05,22.67,22.34,23.78,22.57,23.74,25.56,22.44,23.38,22.52,23.59,24.5,25.52,22.67,23.89,23.8,22.35,25.9,24.13,24.31,23.48,23.13,23.98,24.11,26.15,23.15,22.96,22.57,24.64,24.41,26.49,23.33,23.23,24.97,22.72,22.64,23.23,25.94,25.82,26.28,24.93,24.12,26.83,24.97,22.34,24.22,25.59,22.99,24.38,24.29,23.79,25.3,24.29
2012,7,20,10,24.53,24.08,23.38,23.53,25.2,26.25,24.64,24.29,24.25,23.75,23.97,22.98,24.02,26.5,23.13,22.29,26.19,22.63,23.51,23.32,23.09,24.82,24.41,24.18,23.54,24.15,25.07,24.82,24.16,24.01,22.6,22.32,23.91,22.48,23.4,25.36,22.37,23.14,22.56,23.4,24.38,25.3,22.8,23.72,23.66,22.35,25.7,23.94,24.06,23.22,22.95,23.75,23.91,25.94,23.12,22.87,22.78,24.51,24.21,26.24,23.25,23.1,24.93,22.69,22.59,23.18,25.79,25.57,26.09,24.54,24.04,26.69,24.81,22.46,24.2,25.57,22.89,24.16,24.44,23.53,25.1,24.18
2012,7,20,11,24.6,24.11,23.75,23.33,24.74,26.22,24.45,24.15,24.02,23.53,24.05,22.87,23.78,26.41,23.17,22.2,26.05,22.49,23.77,23.28,22.97,24.68,24.19,24.06,23.46,24.01,24.97,24.8,23.98,23.97,22.55,22.29,24.05,22.36,23.2,25.15,22.29,22.94,22.66,23.21,24.16,25.2,23.04,23.54,23.5,22.38,25.35,23.73,23.88,23.08,22.87,23.56,23.67,25.73,23.1,22.72,23.12,24.32,24.09,26.09,23.12,22.98,24.86,22.61,22.51,23.14,25.72,25.43,25.88,24.15,24.11,26.57,24.44,22.66,24.19,25.54,22.75,23.95,24.59,23.34,24.93,24.06
2012,7,20,12,24.8,24.32,24.23,23.65,24.98,26.43,24.71,24.45,24.33,23.81,24.49,22.8,24.1,26.59,23.67,22.58,26.29,22.75,24.19,23.45,23.06,24.93,24.46,24.28,23.9,24.33,25.27,25.15,24.28,24.22,22.8,22.75,24.43,22.6,23.47,25.28,22.63,23.09,23.19,23.54,24.37,25.49,23.59,23.88,23.86,22.87,25.55,24.16,24.16,23.4,23.17,23.84,23.95,25.9,23.36,22.88,23.74,24.5,24.26,26.3,23.49,23.3,25.18,23.03,22.86,23.35,25.99,25.67,26.06,24.37,24.23,26.79,24.55,23.27,24.58,25.82,22.72,24.21,24.79,23.62,25.14,24.39
2012,7,20,13,25.71,25.05,24.94,25.17,26.09,27.41,25.93,25.84,25.57,25.14,25.95,23.18,25.27,27.57,25.29,23.56,27.64,23.45,25.11,24.09,23.55,26.18,24.82,24.5,25.52,25.79,26.54,26.57,25.18,24.69,23.64,23.83,25.62,23.33,24.54,26.43,23.44,23.78,24.39,25.14,25.28,26.67,24.74,24.85,25.46,23.84,26.82,25.3,25.6,24.84,24.45,24.94,25.07,27.05,24.23,23.47,24.66,25.58,24.91,27.4,25.15,24.98,26.57,24.46,24.11,24.04,27.06,26.8,27.3,25.25,24.83,27.96,25.51,24.28,26.11,27.03,23.07,25.52,25.48,24.86,26.32,25.9
2012,7,20,14,26.97,26.51,26.13,27.01,27.96,28.87,27.41,27.5,27.08,26.94,27.62,23.95,26.85,28.99,27.02,24.77,29.32,24.38,26.46,24.34,23.9,27.68,24.7,24.34,27.38,27.53,28.19,28.31,26.28,24.74,24.56,25.24,27.12,24.2,26.1,27.89,24.46,24.99,25.92,27.16,26.7,28.17,26.27,26.41,27.26,24.93,28.55,26.7,27.33,26.88,25.86,26.6,26.8,28.48,24.61,24.15,25.83,27.16,26.15,28.8,26.94,26.61,28.35,26.33,25.41,24.36,28.52,28.22,28.87,27.03,25.79,29.51,27.19,25.37,27.9,28.64,23.55,27.19,26.69,26.7,27.75,27.71
2012,7,20,15,28.63,28.45,27.78,28.83,29.91,30.22,29.12,29.12,28.83,28.83,29.25,25.16,28.73,30.55,28.73,25.99,31.25,24.94,28.25,24.48,24.2,29.25,24.55,24.45,29.12,29.16,29.75,29.92,27.79,24.84,26.0,26.6,28.79,24.99,28.18,29.54,25.09,26.7,27.45,28.83,28.57,29.65,27.87,28.34,28.96,25.79,30.44,28.36,29.07,28.58,27.81,28.68,28.74,30.08,24.87,24.58,27.28,29.11,27.96,30.37,28.62,28.45,29.99,28.0,27.19,24.56,29.93,29.71,30.68,29.03,27.41,31.26,29.2,26.48,29.52,30.09,24.19,28.98,28.37,28.6,29.32,29.41
2012,7,20,16,30.31,30.27,29.51,30.44,31.63,31.63,30.61,30.59,30.23,30.46,30.71,26.56,30.12,32.17,30.45,27.71,32.87,25.46,29.99,24.96,24.86,30.72,25.02,24.78,30.74,30.66,31.13,31.4,29.41,25.43,27.79,28.45,30.41,26.46,29.44,30.98,25.89,28.12,29.4,30.43,30.22,30.97,29.72,29.67,30.62,27.14,32.0,29.79,30.61,29.85,29.28,29.91,30.24,31.59,25.37,25.2,29.11,30.67,29.8,31.9,30.39,30.01,31.45,29.95,29.05,24.81,31.21,31.14,32.26,30.88,29.0,32.92,30.92,28.03,31.04,31.31,25.28,30.55,29.99,30.0,30.83,30.99
2012,7,20,17,31.64,31.42,30.79,31.68,32.86,32.79,32.08,31.65,31.62,31.91,31.97,27.64,31.5,33.69,31.53,29.57,34.33,26.92,31.33,25.56,25.19,31.93,25.79,25.76,31.81,31.63,31.9,32.36,30.99,26.11,29.27,30.1,31.72,27.92,30.86,32.34,27.55,29.56,30.68,31.47,31.68,31.9,30.92,31.04,31.63,28.86,33.36,31.13,31.85,31.38,30.8,31.32,31.71,33.0,26.37,26.12,30.19,32.13,31.05,33.31,31.21,31.0,32.31,31.08,30.42,25.87,32.16,32.4,33.68,32.07,30.29,34.28,32.21,29.35,32.27,32.11,25.86,32.02,31.26,31.47,32.18,32.05
2012,7,20,18,32.54,32.06,31.85,31.79,33.59,33.83,32.54,32.35,32.1,31.89,32.22,28.68,31.67,34.81,31.98,30.23,35.67,28.35,32.35,26.39,25.91,32.63,26.61,26.93,31.71,32.36,32.84,32.98,31.55,26.87,30.02,30.77,32.4,29.03,31.48,33.06,28.74,30.4,31.4,31.47,32.2,32.82,31.84,31.11,31.67,29.79,34.31,31.57,32.31,31.56,31.19,31.62,31.66,33.93,27.43,27.59,31.11,32.55,31.63,34.37,31.29,31.12,33.14,31.43,30.72,27.18,33.09,33.25,34.89,32.62,31.08,35.56,32.6,30.21,32.33,33.19,26.7,32.19,32.37,31.53,32.86,32.57
2012,7,20,19,33.03,33.46,32.03,32.69,35.08,34.87,33.7,33.15,33.34,33.31,32.17,30.36,32.95,35.07,32.44,31.1,36.33,28.47,32.71,27.14,28.14,33.52,26.65,26.28,32.18,33.0,34.02,33.67,33.02,26.7,31.05,31.45,32.45,30.11,32.29,34.2,29.27,31.49,31.95,32.55,33.55,33.78,32.23,32.56,32.27,30.36,35.51,32.86,33.25,32.58,32.15,32.79,33.13,34.54,27.71,28.0,31.39,34.11,33.21,34.61,32.36,32.25,33.95,32.49,31.9,26.69,34.18,33.86,35.52,34.16,32.82,35.75,34.33,30.65,32.56,34.66,29.27,33.47,32.86,32.81,33.79,32.92
2012,7,20,20,33.0,33.81,31.82,32.13,35.2,35.37,34.17,32.93,33.88,33.19,31.96,30.8,33.41,35.73,32.03,31.24,36.49,28.89,32.6,27.82,29.09,33.77,25.98,25.84,31.66,32.26,33.58,33.14,33.48,27.11,31.55,31.2,32.3,30.77,32.52,34.47,29.17,31.75,31.72,32.25,33.98,34.04,32.16,33.03,31.77,30.47,35.5,33.31,33.03,32.55,32.26,33.16,33.48,34.97,27.11,28.78,31.6,34.51,33.59,35.25,31.54,31.97,33.3,31.24,31.62,26.61,34.55,34.4,35.64,34.37,33.29,36.3,34.49,30.96,32.12,34.52,30.08,33.6,32.8,32.89,34.22,32.18
2012,7,20,21,32.3,33.94,29.55,29.76,35.16,35.75,34.11,32.33,33.88,31.07,30.61,29.4,33.06,36.05,29.78,28.3,36.25,27.91,30.48,27.72,28.45,33.73,25.18,25.44,30.01,31.21,33.13,32.85,33.64,26.79,28.55,28.18,30.87,28.64,29.74,34.43,27.56,29.25,28.93,28.62,34.05,34.02,29.51,32.39,28.85,27.32,35.19,33.37,32.49,29.82,29.15,30.99,31.58,34.91,25.97,28.01,28.28,34.47,33.66,35.44,28.5,28.58,33.13,28.86,28.47,26.23,34.67,34.66,35.44,34.49,33.23,36.24,34.43,27.15,31.05,34.46,29.01,33.26,31.5,29.8,34.26,30.99
2012,7,20,22,31.2,33.63,26.89,29.72,34.83,35.83,32.73,32.25,31.78,30.13,30.35,28.73,30.35,35.91,29.28,26.33,36.14,27.53,28.81,27.64,28.74,32.88,25.32,25.64,29.66,31.36,33.45,33.09,33.28,26.69,26.76,26.26,30.45,27.41,27.65,33.07,26.94,28.14,26.64,27.73,33.01,34.26,27.77,29.85,28.74,26.45,34.81,32.0,31.17,27.01,26.25,28.46,29.16,34.33,25.75,27.94,25.92,32.82,33.28,35.37,27.59,26.29,33.39,27.56,26.3,26.3,34.87,34.66,35.15,34.06,32.9,36.22,33.13,25.93,30.92,34.65,29.2,31.11,29.21,28.16,33.38,30.94
2012,7,20,23,29.15,31.52,25.29,28.97,33.62,35.43,29.3,31.43,28.66,29.19,30.38,27.07,29.22,35.64,27.75,25.42,35.87,26.83,27.08,26.85,27.64,31.8,25.76,25.92,29.34,30.66,33.13,32.93,30.62,26.5,25.06,25.23,29.74,26.31,26.58,31.44,26.32,26.92,25.07,26.81,30.2,33.73,25.65,28.89,28.46,25.72,34.33,30.14,30.63,25.76,24.9,27.31,28.32,33.81,25.74,27.14,25.0,29.2,30.35,34.95,26.38,25.27,33.25,25.56,24.87,26.1,34.67,34.08,35.02,31.51,31.33,36.05,31.46,25.19,30.83,34.47,27.7,30.01,26.55,27.12,31.63,30.7
2012,7,21,0,26.99,30.26,25.09,27.87,32.0,34.5,28.38,30.27,27.14,28.19,29.21,24.99,27.89,35.02,25.73,25.19,34.5,26.24,25.58,26.34,26.29,29.89,25.84,25.98,27.82,29.8,32.28,32.45,27.57,26.32,24.67,24.91,27.93,25.88,25.92,30.14,25.97,25.59,24.78,25.96,27.95,32.23,24.81,27.84,27.38,25.46,32.73,27.9,29.75,25.18,24.48,26.74,27.53,31.44,25.67,26.27,24.95,27.82,29.16,33.31,25.05,24.65,32.63,24.74,24.6,25.89,33.56,31.73,33.39,30.27,29.72,35.13,29.51,25.14,30.52,33.72,25.57,29.03,25.95,26.36,29.4,30.12
2012,7,21,1,26.06,28.86,25.07,26.72,30.6,32.53,27.85,28.93,26.94,27.13,26.39,24.63,27.23,33.08,24.72,24.76,32.69,25.69,25.17,25.66,25.54,28.73,25.44,25.65,25.77,28.45,30.62,30.97,26.2,25.83,24.44,24.52,26.45,25.35,25.24,28.92,25.47,24.94,24.41,25.23,26.89,30.38,24.39,27.01,26.07,25.1,31.22,27.19,28.63,24.64,24.21,26.02,26.75,29.67,25.26,25.63,24.74,27.32,27.54,30.75,24.43,24.38,31.12,24.23,24.26,25.4,31.38,29.36,31.51,28.87,27.96,33.51,28.28,24.84,27.89,31.62,24.91,28.13,25.85,25.58,28.3,28.54
2012,7,21,2,25.94,27.57,24.89,25.82,29.06,30.64,27.4,27.91,26.39,26.22,25.76,24.44,26.41,31.09,24.51,24.51,31.29,25.39,25.0,25.22,25.13,28.19,25.25,25.48,25.01,27.37,29.1,28.41,25.85,25.56,24.26,24.29,26.06,25.04,24.72,28.03,25.13,24.53,24.19,24.74,26.25,29.16,24.25,26.24,25.44,24.76,29.85,26.46,27.63,24.23,23.97,25.37,25.95,28.55,24.97,25.28,24.44,26.7,26.57,29.16,24.27,24.15,28.71,24.03,24.07,25.17,29.48,28.42,29.95,27.65,26.71,31.57,27.27,24.47,25.59,29.77,24.77,27.26,25.78,24.91,27.85,27.17
2012,7,21,3,25.96,26.59,24.96,25.22,28.02,29.72,27.01,27.19,25.99,25.58,25.68,24.18,25.81,29.99,24.48,24.32,30.51,25.15,25.0,24.92,24.84,27.6,25.15,25.35,24.78,26.69,28.13,27.02,25.48,25.41,24.05,24.16,25.79,24.77,24.32,27.6,24.89,24.21,24.13,24.36,25.87,28.52,24.27,25.6,25.03,24.55,28.83,25.83,26.82,23.89,23.74,24.88,25.37,28.08,24.73,25.05,24.39,26.36,25.99,28.66,24.1,23.89,27.27,23.88,23.88,24.95,28.82,28.07,29.03,26.93,25.96,30.3,26.76,24.31,25.37,28.93,24.51,26.57,25.92,24.43,27.46,26.34
2012,7,21,4,25.88,25.79,24.89,24.79,27.32,29.04,26.6,26.62,25.7,25.09,25.46,23.97,25.41,29.32,24.35,24.16,29.8,24.94,24.9,24.68,24.65,27.05,25.05,25.11,24.63,26.18,27.34,26.64,25.23,25.24,23.87,24.04,25.51,24.56,24.04,27.21,24.67,23.95,24.05,24.08,25.58,27.92,24.21,25.16,24.74,24.36,28.09,25.43,26.19,23.67,23.58,24.54,24.96,27.68,24.48,24.88,24.28,26.08,25.57,28.31,23.97,23.71,26.68,23.77,23.71,24.67,28.22,27.7,28.32,26.34,25.3,29.46,26.33,24.14,25.34,28.15,24.36,26.02,25.87,24.11,27.04,25.86
2012,7,21,5,25.74,25.25,24.87,24.46,26.93,28.47,26.23,26.13,25.44,24.72,25.33,24.04,25.07,28.82,24.27,24.05,29.09,24.74,24.82,24.52,24.59,26.58,25.09,25.0,24.54,25.72,26.79,26.47,24.99,25.04,23.85,23.9,25.32,24.49,23.82,26.97,24.48,23.83,23.93,23.91,25.35,27.36,24.14,24.8,24.53,24.2,27.69,25.1,25.7,23.52,23.51,24.26,24.65,27.38,24.33,24.74,24.3,25.88,25.13,27.97,23.89,23.63,26.41,23.67,23.63,24.44,27.67,27.33,28.01,26.01,24.67,28.85,26.08,24.08,25.33,27.67,24.43,25.57,25.71,23.89,26.69,25.51
2012,7,21,6,25.61,24.72,24.81,24.16,26.44,28.02,25.83,25.68,25.08,24.36,25.16,24.02,24.66,28.29,24.16,23.99,28.55,24.57,24.71,24.35,24.38,26.16,25.19,24.98,24.43,25.34,26.43,26.33,24.55,24.92,23.79,23.88,25.11,24.38,23.63,26.63,24.38,23.73,23.95,23.71,24.96,26.88,24.11,24.39,24.32,24.23,27.18,24.75,25.26,23.34,23.41,23.97,24.31,27.08,24.37,24.55,24.36,25.5,24.46,27.59,23.79,23.5,26.25,23.6,23.56,24.33,27.24,26.9,27.57,25.45,24.01,28.29,25.67,24.17,25.26,27.34,24.34,25.14,25.57,23.66,26.33,25.26
2012,7,21,7,25.0,24.87,24.33,24.2,25.59,26.69,25.36,25.02,24.96,24.26,24.73,24.47,24.46,27.31,24.52,24.42,26.98,24.28,24.38,23.66,24.16,25.62,24.55,24.28,24.7,24.88,25.62,25.32,24.65,24.22,24.16,24.41,24.58,24.58,24.0,25.73,24.23,24.19,24.47,24.18,24.85,25.89,24.28,24.31,24.71,24.28,26.05,24.63,24.89,23.7,23.85,24.03,24.06,26.23,23.84,24.24,24.21,25.05,24.71,26.7,24.63,24.19,25.38,24.46,24.21,23.66,26.24,26.09,26.56,25.02,24.66,27.41,25.1,24.16,24.9,25.88,24.58,24.9,24.99,23.64,25.76,24.95
2012,7,21,8,24.96,24.55,24.23,24.26,25.33,26.3,25.14,24.89,24.73,24.07,24.52,24.47,24.09,27.1,24.34,24.34,26.55,24.11,24.28,23.59,24.1,25.35,24.52,24.24,24.54,24.84,25.45,25.12,24.55,24.27,24.18,24.25,24.45,24.51,23.82,25.56,23.96,24.12,24.26,24.28,24.66,25.66,24.09,23.93,24.73,23.98,25.76,24.35,24.77,23.56,23.8,23.66,23.68,26.09,23.7,24.13,23.98,24.76,24.43,26.51,24.64,24.29,25.19,24.42,24.24,23.62,25.93,25.74,26.35,24.72,24.48,27.16,24.82,23.85,24.69,25.69,24.52,24.62,24.96,23.43,25.44,24.83
2012,7,21,9,24.92,24.1,24.12,24.36,25.06,26.04,24.95,24.93,24.54,23.95,24.41,24.12,23.75,27.13,24.09,24.0,26.24,23.69,24.18,23.41,23.86,25.24,24.57,24.2,24.29,24.85,25.3,24.96,24.41,24.08,23.92,23.98,24.38,24.11,23.49,25.4,23.57,23.77,24.02,24.14,24.55,25.52,23.89,23.55,24.61,23.75,25.47,24.05,24.84,23.39,23.59,23.41,23.43,25.94,23.63,23.8,23.85,24.78,24.02,26.64,24.43,24.1,25.01,24.13,24.04,23.58,25.72,25.57,26.16,24.43,24.17,27.13,24.68,23.72,24.53,25.45,24.19,24.43,24.92,23.29,25.28,24.68
2012,7,21,10,24.95,23.85,24.09,24.35,24.81,25.82,24.73,24.93,24.24,23.79,24.38,23.42,23.49,26.62,23.95,23.78,26.07,23.41,24.16,23.37,23.69,25.11,24.62,24.17,24.11,24.86,25.22,24.89,24.24,24.07,23.57,23.81,24.39,23.65,23.14,25.2,23.38,23.17,23.92,24.02,24.32,25.43,23.83,23.2,24.49,23.67,25.26,23.8,24.79,23.22,23.43,23.11,23.24,25.71,23.65,23.5,23.81,24.49,23.75,25.96,24.23,23.98,24.91,23.93,23.89,23.51,25.58,25.21,25.99,24.23,23.96,27.05,24.51,23.69,24.47,25.24,23.61,24.26,24.91,23.11,24.94,24.59
2012,7,21,11,24.98,23.73,24.17,24.1,24.4,25.53,24.56,24.83,24.07,23.64,24.34,23.01,23.25,26.08,23.88,23.44,25.84,23.21,24.23,23.3,23.28,24.95,24.61,24.13,23.95,24.77,25.05,24.74,24.12,23.99,23.2,23.56,24.41,23.24,22.83,24.86,23.32,22.86,23.8,23.62,24.28,25.28,23.86,22.87,24.23,23.63,24.97,23.54,24.69,22.88,23.07,22.83,23.07,25.36,23.7,23.21,23.87,24.32,23.69,25.42,23.8,23.58,24.75,23.68,23.59,23.39,25.35,25.02,25.8,23.77,23.89,26.82,24.04,23.72,24.41,24.99,23.1,24.15,24.93,22.9,24.77,24.47
2012,7,21,12,25.12,24.43,24.44,23.82,24.79,25.55,24.77,24.93,24.08,23.5,24.58,22.89,23.14,26.2,23.93,23.1,26.09,23.15,24.61,23.16,23.11,25.1,24.48,24.22,23.91,24.85,25.13,24.81,24.21,23.95,22.95,23.36,24.74,22.92,22.7,25.19,23.29,22.75,23.63,23.27,24.49,25.39,23.87,22.68,24.07,23.49,25.23,23.37,24.67,22.63,22.81,22.7,22.9,25.5,23.82,23.04,23.81,24.65,24.38,25.69,23.53,23.31,24.88,23.64,23.45,23.41,25.39,25.26,25.93,24.42,24.32,26.82,24.65,23.54,24.53,25.03,22.9,24.18,25.13,22.69,25.05,24.58
2012,7,21,13,25.82,25.67,24.64,23.58,26.24,26.15,25.19,25.26,24.22,23.52,25.22,22.9,23.24,27.39,24.25,23.05,27.52,23.51,24.99,24.68,23.82,25.8,25.11,25.29,24.18,25.12,25.72,25.32,24.32,25.62,22.93,23.25,25.37,23.02,22.82,26.12,23.44,22.79,23.53,23.07,24.68,26.11,23.9,22.76,23.92,23.41,26.66,23.31,24.84,22.58,22.73,22.85,22.97,26.86,24.23,23.64,23.62,25.18,25.06,27.18,23.61,23.19,25.38,23.74,23.33,24.33,26.02,26.37,27.25,25.75,25.13,27.91,25.69,23.33,25.16,25.65,23.06,24.37,25.85,22.69,25.96,24.96
2012,7,21,14,26.32,26.83,24.44,23.59,27.9,27.07,25.94,25.79,24.56,23.62,25.45,23.0,23.77,28.23,24.33,23.49,29.23,24.55,24.84,26.0,24.87,26.91,25.91,26.41,24.36,25.09,26.18,26.32,24.75,26.72,23.12,23.52,25.44,23.64,23.04,27.54,24.14,22.97,23.64,23.27,25.31,26.99,23.84,23.24,23.88,23.86,28.37,23.61,25.23,22.99,23.22,23.19,23.51,28.32,24.98,24.79,23.62,25.99,26.11,28.48,23.93,23.53,26.14,23.93,23.45,25.61,26.79,27.82,28.89,27.14,26.0,29.25,26.87,23.6,25.62,26.59,23.53,24.67,26.19,22.98,27.38,24.94
2012,7,21,15,26.2,27.55,24.23,24.75,29.0,27.66,27.18,26.6,25.85,25.01,26.02,24.35,24.85,28.68,24.54,24.25,30.74,25.7,24.82,27.42,26.28,27.78,26.5,27.52,25.19,25.69,26.81,27.34,25.4,28.01,24.17,23.89,25.71,24.96,23.64,28.52,24.99,23.71,23.8,24.6,26.29,27.62,23.89,24.04,24.86,24.21,29.65,24.54,26.28,24.08,23.93,23.9,24.63,29.47,25.51,26.14,23.6,27.09,26.91,29.34,24.76,24.48,27.1,24.15,24.09,26.92,27.41,28.55,30.27,27.98,26.75,30.54,27.82,23.66,26.45,27.36,25.22,26.0,25.7,24.18,28.25,25.52
2012,7,21,16,26.65,27.45,24.23,25.98,29.45,27.88,28.45,27.59,27.2,26.15,27.18,25.44,25.92,29.31,25.07,24.56,31.85,26.09,25.03,28.65,27.72,28.63,27.2,28.33,26.51,26.77,27.59,28.55,25.91,28.82,24.76,24.14,26.36,25.43,24.4,29.47,25.27,24.6,23.99,25.47,27.26,28.02,24.05,24.63,26.2,24.55,30.36,25.29,27.62,24.48,24.27,24.7,25.61,30.28,26.22,27.04,23.84,28.27,27.1,30.0,25.51,24.89,28.21,24.39,24.37,27.92,27.81,29.06,31.09,28.5,26.23,31.38,28.59,23.99,27.97,28.09,26.32,27.42,25.44,24.96,29.14,26.92
2012,7,21,17,27.13,28.22,25.25,27.0,30.04,28.84,29.28,28.78,27.73,26.86,28.3,26.3,26.32,30.16,26.65,25.72,32.47,27.11,26.13,29.62,28.92,29.55,27.64,28.71,27.98,28.23,28.87,29.94,26.28,29.35,25.67,25.6,27.5,26.34,25.78,30.3,26.44,25.88,25.64,26.61,27.77,29.25,25.75,25.15,27.69,25.83,30.89,25.55,28.43,25.67,25.34,25.69,26.15,30.97,27.16,27.92,25.38,29.02,27.84,30.66,26.98,26.17,29.62,25.94,25.64,28.68,29.06,29.87,31.78,29.19,27.02,32.03,29.45,25.37,29.21,29.29,27.3,27.99,25.82,25.81,30.08,28.46
2012,7,21,18,28.67,29.03,26.75,28.01,30.91,29.87,29.76,29.76,28.19,27.67,29.41,27.62,27.0,31.32,28.17,27.31,33.18,28.56,27.67,30.5,30.06,30.43,28.72,29.57,28.88,28.85,29.21,30.4,27.05,29.83,27.29,27.14,28.84,27.73,27.39,30.89,28.03,27.47,27.17,27.7,28.51,30.18,27.22,26.68,28.27,27.42,31.57,26.68,29.34,27.25,27.19,27.11,26.9,31.76,28.66,29.39,26.78,29.61,28.69,31.65,27.85,27.42,30.09,27.37,27.18,29.95,29.89,30.95,32.39,30.03,27.8,32.81,30.18,26.97,29.95,29.49,28.58,28.58,27.75,26.98,30.82,28.89
2012,7,21,19,30.32,29.83,28.93,28.39,31.27,32.0,29.76,30.45,28.13,28.26,29.93,28.53,27.51,32.72,28.97,28.6,33.85,29.44,29.2,30.53,30.35,30.97,29.62,29.8,29.48,29.98,31.19,31.32,27.49,29.7,28.45,28.44,29.8,28.93,28.02,31.19,29.05,28.15,28.53,28.25,28.44,31.51,28.55,27.21,28.99,28.77,32.13,27.19,29.72,28.12,28.16,27.74,27.78,32.6,29.72,30.03,28.69,29.43,28.95,32.78,28.74,28.2,31.39,28.54,28.44,30.35,31.66,31.76,33.64,30.33,28.72,34.2,30.16,28.7,30.44,31.46,29.33,28.8,30.04,27.94,31.08,30.21
2012,7,21,20,30.6,28.82,28.86,28.94,30.78,32.77,29.92,30.73,28.57,28.67,29.73,29.7,28.1,33.43,29.32,29.33,34.02,29.63,29.27,30.67,31.04,31.18,27.65,27.63,29.73,30.49,31.74,31.67,28.03,29.43,29.48,29.02,29.82,29.81,28.7,31.28,29.35,29.02,28.87,28.74,28.64,32.03,28.79,27.89,29.48,28.95,32.02,27.89,29.87,28.54,28.98,28.53,28.33,33.0,28.43,30.39,28.51,29.59,28.5,33.44,29.26,29.03,31.95,29.14,29.26,28.82,32.33,32.32,33.78,29.05,28.14,34.78,29.49,28.5,30.37,32.25,30.3,29.14,30.41,28.43,31.36,30.7
2012,7,21,21,30.68,28.41,27.81,28.69,29.08,32.97,28.51,29.44,28.45,28.41,29.99,29.87,28.15,33.9,29.48,28.23,33.65,28.49,29.27,28.75,30.23,28.92,26.92,27.2,29.91,30.1,31.74,31.69,27.89,28.33,29.04,28.43,29.97,29.73,28.74,29.08,28.04,29.26,28.58,28.48,28.5,31.85,28.64,28.24,29.41,27.54,30.67,28.14,28.76,28.34,28.59,28.75,28.24,31.67,25.85,28.9,27.05,28.83,28.26,33.57,29.11,28.56,31.98,28.74,28.12,26.38,32.48,31.61,33.1,28.4,28.03,34.76,28.84,26.53,30.52,32.27,30.62,28.53,29.62,28.31,28.72,30.74
2012,7,21,22,29.5,28.5,25.47,28.53,28.8,32.97,28.15,28.02,28.22,28.38,28.11,29.29,28.1,33.82,27.56,26.46,32.84,26.05,27.37,27.18,27.08,28.51,26.89,27.21,28.13,28.61,31.13,31.42,27.93,27.67,28.49,25.92,28.61,27.52,28.78,28.85,25.27,29.11,26.54,28.01,28.4,30.14,26.81,28.22,28.16,25.24,29.78,27.89,28.41,28.29,28.34,28.7,28.2,30.83,25.57,26.66,24.92,28.56,28.34,32.65,27.7,27.5,31.78,27.43,27.34,26.46,32.17,30.05,32.25,28.71,28.25,34.38,29.02,25.31,29.3,32.23,27.74,28.5,27.79,28.27,28.58,29.05
2012,7,21,23,26.82,28.31,24.28,27.43,28.66,32.23,27.87,27.89,27.95,27.08,27.91,26.19,27.81,33.12,26.09,25.11,31.39,25.56,25.1,26.93,26.11,28.34,26.82,26.97,27.31,27.91,29.07,30.45,27.95,27.41,25.81,24.94,26.86,25.41,27.93,28.3,25.1,26.81,24.95,26.85,28.44,28.66,24.62,28.23,26.9,25.19,28.91,27.92,27.95,27.61,26.65,28.62,27.79,30.01,25.77,26.06,24.76,28.47,28.27,31.53,26.38,26.56,30.61,25.56,25.8,26.34,30.41,29.32,30.59,28.53,28.11,33.57,28.6,25.14,28.74,31.67,25.7,27.22,25.5,27.92,28.61,28.24
2012,7,22,0,25.43,27.41,24.36,26.31,28.23,31.05,27.59,27.68,27.26,26.71,26.5,24.93,27.19,31.73,24.71,24.75,30.32,25.4,24.59,26.55,25.99,28.01,26.71,26.8,25.84,27.48,28.42,29.21,27.45,27.02,24.53,24.84,25.53,24.99,25.82,28.05,25.14,25.23,24.87,25.79,27.73,28.37,24.41,27.01,26.22,25.3,28.59,27.37,27.41,25.26,24.88,26.76,27.02,29.16,25.84,25.83,24.85,27.94,27.29,30.27,24.8,25.14,29.13,24.32,24.37,26.16,29.04,28.77,29.7,27.91,26.87,32.1,28.15,25.33,27.95,29.77,25.33,27.12,24.83,26.29,28.16,27.7
2012,7,22,1,24.85,26.7,24.28,25.21,27.39,29.43,26.82,26.89,26.61,25.69,25.54,24.54,26.49,30.12,24.33,24.48,29.32,25.12,24.28,26.01,25.58,27.27,26.39,26.43,24.66,26.47,27.71,28.0,26.65,26.55,24.21,24.58,24.89,24.68,24.81,27.35,24.89,24.51,24.65,24.34,26.89,27.83,24.24,26.35,24.82,25.03,27.86,26.64,26.65,24.27,24.2,25.96,25.96,28.23,25.51,25.42,24.69,27.04,26.55,29.06,24.09,24.15,28.07,24.11,24.03,25.76,28.14,28.0,28.74,26.92,26.37,30.57,27.24,25.01,26.21,28.33,24.88,26.44,24.54,24.94,27.3,26.35
2012,7,22,2,24.43,25.76,24.03,24.46,26.55,28.21,26.16,25.97,25.77,24.63,24.79,24.21,25.67,28.88,23.82,24.1,28.44,24.71,23.89,25.49,25.15,26.65,26.05,26.06,24.08,25.47,26.71,26.96,25.87,26.16,23.96,24.15,24.3,24.42,24.47,26.64,24.49,24.12,24.21,23.99,26.13,27.14,23.86,25.76,24.29,24.56,27.07,25.86,25.81,24.01,23.86,25.37,25.03,27.52,25.04,24.98,24.35,26.22,25.94,28.22,23.74,23.84,26.95,23.69,23.72,25.28,27.55,27.39,27.9,26.02,25.79,29.41,26.41,24.55,25.36,27.62,24.61,25.6,24.27,24.23,26.67,25.29
2012,7,22,3,24.32,25.39,23.91,24.04,25.84,27.57,25.38,25.34,25.05,24.16,24.4,23.84,25.03,28.07,23.61,23.76,27.83,24.37,23.75,25.04,24.79,25.94,25.78,25.73,23.71,24.9,25.98,26.24,25.41,25.83,23.49,23.83,24.06,24.03,24.06,26.18,24.15,23.71,23.94,23.53,25.72,26.49,23.69,25.29,23.8,24.18,26.52,25.35,25.15,23.58,23.37,24.87,24.52,26.99,24.62,24.62,24.08,25.69,25.49,27.64,23.39,23.34,26.17,23.45,23.34,24.87,26.99,26.87,27.33,25.47,25.22,28.58,25.93,24.16,24.82,27.06,24.34,24.86,24.19,23.88,26.04,24.67
2012,7,22,4,24.25,24.19,23.84,23.6,25.14,27.08,25.0,24.77,24.67,23.77,24.2,23.52,24.56,27.52,23.58,23.51,27.26,23.99,23.71,24.7,24.32,25.48,25.75,25.59,23.58,24.37,25.43,25.72,24.94,25.66,23.19,23.64,23.97,23.67,23.61,25.64,23.84,23.37,23.8,23.21,25.1,25.91,23.61,24.69,23.53,23.91,25.84,24.9,24.61,23.16,23.03,24.29,24.09,26.55,24.39,24.19,23.91,25.04,24.29,27.16,23.32,23.09,25.59,23.4,23.15,24.55,26.46,26.38,26.84,24.56,24.08,28.0,24.96,23.91,24.52,26.53,23.9,24.42,24.14,23.46,25.66,24.24
2012,7,22,5,24.09,23.87,23.7,23.4,24.6,26.73,24.66,24.4,24.34,23.53,24.0,23.37,24.15,27.17,23.55,23.4,26.78,23.76,23.62,24.57,24.1,25.1,25.72,25.53,23.54,24.06,25.02,25.35,24.61,25.58,23.11,23.51,23.8,23.48,23.42,25.26,23.62,23.24,23.68,23.06,24.65,25.47,23.53,24.29,23.45,23.7,25.4,24.51,24.26,22.99,22.93,23.97,23.74,26.19,24.24,23.94,23.7,24.61,24.0,26.82,23.32,22.99,25.21,23.39,23.11,24.39,26.03,26.0,26.4,23.94,24.01,27.58,24.35,23.68,24.31,26.06,23.65,24.08,24.02,23.24,25.31,24.03
2012,7,22,6,24.03,23.81,23.6,23.08,24.33,26.25,24.26,23.95,23.98,23.11,23.91,23.08,23.76,26.68,23.48,23.25,26.44,23.71,23.61,24.56,23.97,24.58,25.82,25.62,23.49,23.78,24.73,25.07,24.35,25.63,22.89,23.33,23.75,23.31,23.11,24.9,23.55,22.97,23.5,22.82,24.45,24.98,23.43,23.93,23.32,23.58,25.12,24.14,23.8,22.69,22.69,23.6,23.31,25.79,24.28,23.87,23.53,24.32,23.96,26.31,23.2,22.78,24.93,23.2,22.92,24.44,25.54,25.44,26.07,23.82,23.86,27.12,24.19,23.52,24.18,25.64,23.42,23.64,23.97,22.85,24.85,23.87
2012,7,22,7,24.0,24.11,23.23,23.31,24.57,26.33,24.16,24.18,23.89,23.38,23.76,23.1,23.71,26.28,23.13,23.12,26.0,23.47,23.27,24.26,23.88,24.61,25.32,25.15,23.4,24.01,25.21,25.27,24.06,25.29,22.91,23.12,23.57,23.2,23.26,24.76,23.28,23.05,23.22,23.17,24.29,25.35,23.1,23.66,23.48,23.28,24.99,23.88,23.87,22.94,22.86,23.42,23.49,25.42,23.79,23.66,23.28,24.28,24.15,25.84,23.21,23.08,25.31,23.05,23.05,24.0,25.87,25.35,25.69,24.31,23.95,26.62,24.55,23.22,24.24,25.93,23.47,23.71,23.66,23.11,24.69,24.12
2012,7,22,8,23.81,23.81,23.16,23.09,24.2,26.06,23.97,23.93,23.64,23.15,23.56,23.0,23.46,26.03,23.09,23.08,25.65,23.18,23.15,23.95,23.4,24.43,25.36,25.08,23.32,23.75,24.9,24.97,23.77,25.2,22.8,23.12,23.39,23.09,23.13,24.46,23.1,22.96,23.22,22.98,23.94,25.05,23.06,23.43,23.34,23.22,24.63,23.64,23.67,22.81,22.76,23.23,23.25,25.2,23.64,23.27,23.24,23.95,23.8,25.63,23.19,22.96,25.0,23.1,22.98,23.67,25.58,25.15,25.37,23.93,23.67,26.3,24.14,23.18,24.0,25.62,23.32,23.51,23.53,22.91,24.53,23.88
2012,7,22,9,23.71,23.61,23.13,22.96,23.97,25.7,23.92,23.69,23.59,23.06,23.46,22.88,23.44,25.72,23.1,22.96,25.35,22.9,23.12,23.68,22.91,24.25,25.29,25.05,23.28,23.51,24.59,24.69,23.64,25.17,22.74,23.0,23.31,22.95,23.07,24.32,22.87,22.88,23.13,22.89,23.78,24.72,23.02,23.41,23.27,22.99,24.39,23.58,23.52,22.73,22.68,23.19,23.2,24.99,23.36,22.84,23.11,23.84,23.59,25.34,23.2,22.92,24.69,23.09,22.94,23.43,25.23,24.86,25.12,23.68,23.51,25.97,23.92,22.94,23.82,25.28,23.11,23.43,23.47,22.84,24.4,23.68
2012,7,22,10,23.71,23.43,23.0,22.91,23.87,25.45,23.67,23.4,23.42,22.84,23.45,22.73,23.3,25.41,23.08,22.85,25.2,22.87,23.07,23.41,22.81,23.91,25.16,24.76,23.3,23.42,24.39,24.46,23.48,24.74,22.65,22.83,23.31,22.87,22.9,24.14,22.76,22.71,22.94,23.04,23.62,24.44,22.88,23.3,23.4,22.79,24.32,23.46,23.19,22.71,22.66,23.06,23.06,24.74,23.25,22.83,22.87,23.66,23.43,25.0,23.28,23.04,24.46,23.03,22.9,23.3,24.97,24.53,24.95,23.55,23.32,25.66,23.78,22.69,23.72,25.03,22.96,23.15,23.45,22.74,24.11,23.62
2012,7,22,11,23.59,23.28,22.79,23.06,23.59,25.12,23.55,23.45,23.16,22.86,23.39,22.57,23.06,25.19,22.85,22.59,24.88,22.79,22.89,23.26,22.92,23.86,25.07,24.45,23.21,23.5,24.26,24.32,23.29,24.48,22.46,22.57,23.22,22.68,22.75,23.92,22.68,22.56,22.68,23.18,23.36,24.28,22.63,23.06,23.48,22.71,23.98,23.2,23.26,22.72,22.58,22.89,22.9,24.51,23.25,22.79,22.72,23.4,23.26,24.77,23.13,22.98,24.31,22.67,22.64,23.01,24.71,24.34,24.63,23.33,23.18,25.39,23.51,22.63,23.68,24.65,22.81,23.11,23.33,22.72,24.01,23.66
2012,7,22,12,23.72,23.48,22.9,23.6,23.78,25.21,23.75,23.76,23.51,23.4,23.54,22.91,23.42,25.3,22.93,22.8,25.09,23.13,23.0,23.47,23.34,24.02,25.15,24.43,23.34,23.8,24.4,24.42,23.58,24.4,22.73,22.74,23.36,22.93,23.04,24.05,22.99,22.86,22.81,23.57,23.67,24.42,22.73,23.4,23.72,22.95,24.18,23.57,23.67,23.08,22.86,23.22,23.28,24.65,23.49,23.2,22.88,23.66,23.45,24.91,23.27,23.25,24.42,22.79,22.84,23.36,24.77,24.47,24.82,23.51,23.4,25.51,23.72,22.86,23.83,24.71,23.21,23.49,23.36,23.15,24.11,23.86
2012,7,22,13,24.54,24.43,23.97,24.5,24.79,25.54,24.74,24.6,24.71,24.47,24.6,24.36,24.69,25.8,24.01,24.3,25.94,24.62,23.99,24.58,24.48,24.74,26.17,25.27,24.54,24.72,25.07,25.17,24.73,25.06,24.16,24.14,24.32,24.43,24.52,24.89,24.52,24.27,24.13,24.56,24.9,25.06,23.85,24.65,24.81,24.41,25.07,24.74,24.59,24.39,24.18,24.59,24.66,25.27,24.96,24.53,24.18,24.88,24.55,25.51,24.39,24.43,25.17,24.08,24.34,24.73,25.23,25.03,25.54,24.64,24.28,26.13,24.94,24.28,24.86,25.21,24.6,24.57,24.31,24.42,24.78,24.92
2012,7,22,14,25.5,25.75,24.96,25.46,26.21,26.2,25.63,25.58,25.76,25.52,25.84,25.66,25.83,26.49,25.2,25.92,27.18,26.08,25.09,25.78,25.72,25.69,27.11,26.04,25.77,25.77,26.28,26.43,25.94,25.94,25.53,25.62,25.48,25.78,25.73,25.92,26.16,25.63,25.48,25.59,26.02,26.15,25.1,25.87,25.91,26.08,26.46,25.95,25.52,25.4,25.4,25.86,25.83,26.25,26.51,25.82,25.53,25.94,25.71,26.44,25.56,25.59,26.45,25.31,25.74,25.96,26.15,26.08,26.65,25.92,25.59,27.06,26.1,25.84,26.19,26.28,25.66,25.58,25.23,25.52,25.71,26.15
2012,7,22,15,26.38,26.68,25.95,26.85,26.96,27.05,26.73,26.65,26.8,26.83,26.68,27.21,26.88,27.31,26.44,27.32,28.33,27.46,25.99,27.33,27.42,26.71,28.05,27.2,26.9,26.98,27.42,27.44,26.8,27.1,26.95,27.2,26.33,27.11,27.15,26.84,27.55,27.09,26.93,27.16,26.84,27.06,26.3,26.95,27.23,27.51,27.35,26.83,26.65,26.99,26.94,27.22,27.04,27.22,27.86,27.39,26.62,26.86,26.6,27.37,27.02,27.18,27.56,26.91,27.2,27.4,27.09,26.96,27.67,26.6,26.79,28.09,26.86,27.08,27.19,27.3,27.25,26.71,26.15,26.94,26.72,27.36
2012,7,22,16,27.62,27.74,27.13,28.25,27.97,28.17,28.03,28.11,27.78,28.22,27.81,28.51,27.84,28.54,28.13,28.61,29.26,28.95,27.28,28.62,28.8,28.22,28.97,28.28,28.11,28.2,28.47,28.55,27.73,28.17,28.15,28.57,27.49,28.5,28.42,27.89,29.04,28.46,28.41,28.37,27.74,28.18,27.84,28.01,28.31,28.92,28.28,27.7,28.25,28.24,28.18,28.49,28.16,28.51,29.24,28.87,27.79,27.87,27.6,28.72,28.16,28.28,28.69,28.27,28.32,28.82,28.17,28.31,28.79,27.65,27.86,29.27,27.81,28.24,28.27,28.37,28.63,28.07,27.28,28.24,28.18,28.53
2012,7,22,17,28.34,28.59,28.42,29.3,28.97,29.25,28.92,29.03,28.82,29.43,28.72,29.48,29.01,29.44,29.01,29.53,29.98,29.98,28.37,29.54,29.73,29.08,29.48,28.99,28.82,29.08,29.24,29.34,28.72,28.99,29.02,29.45,28.44,29.51,29.34,28.79,30.12,29.28,29.28,29.38,28.81,29.04,28.93,29.21,29.02,29.88,29.24,28.9,29.28,29.15,28.97,29.66,29.45,29.26,30.12,29.72,28.79,28.93,28.4,29.49,28.87,29.16,29.41,28.98,29.09,29.66,29.05,29.13,29.58,28.69,28.04,29.88,28.9,29.18,28.98,29.21,29.69,29.21,27.63,29.35,28.98,29.23
2012,7,22,18,29.03,29.23,28.91,30.41,29.88,30.0,29.94,29.89,29.68,30.54,29.2,30.57,29.89,30.44,29.81,30.45,31.16,30.65,29.1,30.22,30.66,30.04,29.81,29.33,29.46,29.84,29.79,30.02,29.55,29.38,30.18,30.25,29.08,30.51,30.32,29.95,30.88,30.33,29.95,30.49,29.53,29.77,29.48,30.01,29.76,30.68,30.4,29.76,30.41,30.18,30.07,30.44,30.33,30.26,30.83,30.66,29.15,29.74,29.08,30.5,29.75,30.2,30.08,29.84,30.1,30.27,29.68,30.05,30.82,29.43,28.86,30.97,29.73,29.82,29.48,29.75,30.68,30.33,28.51,30.31,30.01,29.76
2012,7,22,19,28.37,28.84,28.28,30.55,29.85,31.51,30.3,30.15,30.04,30.34,29.87,31.81,29.99,31.3,29.74,31.17,31.74,31.38,27.58,31.06,31.4,30.23,29.79,29.98,30.75,30.52,30.96,31.49,29.16,30.03,31.64,30.74,28.58,31.49,31.59,30.25,31.21,31.74,30.16,31.37,29.41,30.59,28.47,30.35,30.94,30.57,30.94,29.82,30.24,31.35,31.66,31.2,30.28,30.74,30.98,31.44,29.43,30.02,28.4,31.06,31.16,31.55,31.49,31.09,31.51,31.23,30.98,30.51,31.3,28.6,28.5,31.54,29.35,29.97,30.84,31.31,31.62,30.19,27.89,30.74,30.24,30.98
2012,7,22,20,28.67,29.8,29.81,30.9,30.76,31.43,30.8,30.54,30.56,30.72,29.06,31.79,30.48,31.76,28.91,31.58,32.47,30.84,28.82,29.4,30.77,30.79,27.97,27.41,30.18,30.73,31.27,31.7,30.2,29.03,31.92,31.13,28.65,31.67,32.24,30.86,31.09,32.13,30.75,31.66,30.47,30.92,29.35,31.09,31.1,30.83,31.56,30.52,30.65,31.88,32.1,31.94,30.85,31.38,29.18,30.38,30.35,30.87,29.66,31.69,31.34,31.86,31.65,31.38,31.87,27.51,31.11,31.09,31.95,29.99,29.52,32.3,30.62,30.43,30.88,31.44,31.33,30.49,28.53,31.34,30.91,31.26
2012,7,22,21,29.55,30.35,29.76,31.28,31.37,31.74,30.95,30.73,30.94,31.11,28.25,32.05,30.96,32.07,29.22,31.19,32.83,27.43,29.91,27.75,27.87,30.91,27.4,27.58,29.08,31.04,31.42,31.03,30.76,28.6,32.12,31.02,29.05,30.81,32.52,31.29,28.04,32.37,31.04,32.11,31.03,31.26,30.31,31.6,31.1,29.06,32.02,31.09,30.75,32.29,32.42,32.39,31.36,31.71,27.09,27.12,29.91,31.25,30.3,32.01,31.36,32.27,31.18,31.47,32.04,27.08,31.4,31.42,32.23,30.7,30.0,32.61,31.23,29.14,29.36,31.22,30.97,30.72,29.24,31.78,31.11,31.02
2012,7,22,22,29.8,30.17,27.47,31.1,31.47,31.49,30.48,30.65,30.6,31.16,28.61,29.77,30.89,31.81,29.47,28.47,32.79,26.72,29.07,28.29,27.26,30.46,26.77,27.75,28.74,30.68,31.08,30.12,30.64,29.01,29.96,28.28,29.3,27.6,31.84,31.06,26.96,31.37,27.95,31.82,30.86,31.11,28.01,31.55,30.0,27.02,32.02,30.96,30.64,31.74,31.5,31.97,31.28,31.4,26.83,27.0,26.32,30.91,30.24,31.77,30.72,31.69,30.49,30.54,30.77,27.5,31.15,31.15,32.08,30.78,29.73,32.43,31.21,26.16,28.98,31.04,28.12,30.7,29.23,31.55,30.53,29.78
2012,7,22,23,28.09,30.06,26.4,30.63,30.64,31.3,29.82,30.51,29.69,30.59,28.14,28.46,30.01,31.7,27.31,27.55,32.03,26.95,26.51,27.9,27.02,30.14,27.06,27.83,28.41,29.76,29.75,30.01,30.3,28.63,28.4,27.32,27.35,27.12,30.55,30.17,26.93,29.56,26.85,31.03,30.25,31.06,26.3,30.56,29.19,26.9,30.64,30.22,30.38,30.66,29.95,30.82,30.5,30.89,27.0,26.98,26.06,29.99,30.04,31.61,28.54,30.13,29.95,28.16,28.92,27.54,31.09,31.05,31.15,30.46,29.65,32.33,30.51,26.17,29.13,30.82,27.52,30.24,27.55,30.61,29.91,28.9
2012,7,23,0,26.9,29.05,25.77,29.58,29.68,30.5,28.93,29.55,28.78,29.5,26.52,27.4,29.46,30.63,26.32,26.86,30.99,26.69,26.04,27.51,26.71,29.23,26.72,27.09,27.18,28.89,28.58,29.38,29.36,27.95,27.34,26.65,26.32,26.67,29.08,29.24,26.56,28.27,26.25,29.45,29.13,29.97,25.76,29.78,28.33,26.43,29.7,29.55,29.35,29.11,28.43,29.77,29.64,29.32,26.59,26.74,25.61,28.51,29.01,30.35,27.74,28.56,29.25,27.23,27.64,26.95,29.86,30.02,29.8,29.4,28.72,31.21,29.29,25.87,27.88,29.67,26.79,29.36,26.64,29.31,28.94,28.17
2012,7,23,1,26.34,27.88,25.16,28.13,28.47,29.42,28.12,28.43,28.09,28.09,25.99,26.62,28.53,29.78,25.71,26.07,29.9,26.07,25.46,26.81,26.3,28.46,26.17,26.5,26.44,27.96,27.81,28.42,28.14,27.15,26.38,25.91,25.79,26.0,27.73,28.19,25.91,27.16,25.65,27.89,28.01,28.81,25.22,28.75,27.35,25.84,28.66,28.7,28.34,27.72,27.19,28.33,28.33,28.6,26.01,26.16,25.14,27.68,27.81,29.43,26.87,27.28,28.32,26.34,26.61,26.3,28.64,28.97,28.94,28.06,27.63,30.2,28.01,25.37,26.96,28.67,26.22,28.2,25.98,27.9,28.21,27.37
2012,7,23,2,25.7,26.95,24.55,27.02,27.46,28.47,27.22,27.43,27.21,27.07,25.32,25.85,27.48,28.98,24.98,25.35,28.88,25.5,24.8,26.13,25.76,27.63,25.81,26.07,25.58,27.11,27.32,27.57,27.25,26.57,25.56,25.2,25.15,25.33,26.84,27.32,25.36,26.32,25.0,26.87,27.19,27.99,24.59,27.62,26.46,25.25,27.74,27.8,27.29,26.85,26.28,27.31,27.28,27.83,25.46,25.61,24.6,26.93,26.87,28.57,25.99,26.35,27.56,25.48,25.72,25.74,27.94,28.07,28.11,27.03,26.75,29.32,27.09,24.83,26.13,28.03,25.63,27.13,25.33,27.04,27.43,26.58
2012,7,23,3,25.32,26.32,24.37,26.24,26.71,27.85,26.72,26.65,26.57,26.4,24.86,25.25,26.69,28.41,24.48,24.8,28.25,25.07,24.48,25.68,25.32,27.01,25.82,26.0,24.96,26.41,26.8,26.86,26.63,26.22,24.96,24.73,24.75,24.84,26.13,26.82,24.95,25.65,24.62,26.07,26.58,27.35,24.28,26.74,25.77,24.9,27.07,26.8,26.58,26.07,25.56,26.56,26.57,27.37,25.2,25.2,24.45,26.41,26.33,28.03,25.32,25.62,26.9,24.86,25.07,25.43,27.41,27.47,27.58,26.32,26.26,28.83,26.46,24.61,25.56,27.51,25.16,26.51,24.98,26.33,26.98,25.94
2012,7,23,4,24.89,25.85,24.02,25.57,26.16,27.38,26.22,26.01,26.06,25.77,24.52,24.79,26.09,27.77,24.14,24.45,27.64,24.77,24.11,25.24,24.84,26.37,25.7,25.84,24.56,25.85,26.32,26.31,26.12,25.89,24.54,24.4,24.38,24.52,25.52,26.38,24.66,25.08,24.31,25.43,26.13,26.82,23.96,26.07,25.27,24.61,26.52,26.1,25.91,25.38,24.97,25.94,25.98,26.87,24.89,24.85,24.15,25.97,25.95,27.36,24.85,25.06,26.35,24.44,24.62,25.17,26.97,26.85,27.04,25.83,25.89,28.22,26.02,24.33,25.16,27.07,24.81,25.94,24.56,25.67,26.46,25.46
2012,7,23,5,24.46,25.53,23.72,25.04,25.79,26.9,25.71,25.53,25.53,25.21,24.18,24.45,25.52,27.25,23.83,24.07,27.19,24.34,23.79,24.7,24.34,25.85,25.57,25.59,24.15,25.38,25.86,25.75,25.69,25.39,24.17,24.08,24.04,24.13,25.03,25.96,24.29,24.63,24.04,24.93,25.72,26.37,23.71,25.53,24.79,24.32,26.1,25.57,25.36,24.83,24.49,25.44,25.42,26.38,24.6,24.38,23.9,25.56,25.63,26.82,24.41,24.6,25.8,24.05,24.21,24.78,26.54,26.34,26.6,25.51,25.56,27.77,25.67,24.07,24.73,26.54,24.43,25.39,24.16,25.11,25.95,24.98
2012,7,23,6,24.14,25.08,23.57,24.53,25.33,26.46,25.26,25.04,25.0,24.72,23.94,24.05,25.0,26.79,23.6,23.79,26.66,23.97,23.61,24.24,23.93,25.42,25.41,25.23,23.82,24.88,25.41,25.32,25.05,24.97,23.89,23.79,23.81,23.84,24.56,25.52,23.95,24.2,23.77,24.43,25.13,25.88,23.53,25.01,24.32,24.01,25.64,24.99,24.88,24.31,24.07,24.97,24.91,25.94,24.28,23.97,23.74,25.08,25.09,26.36,24.01,24.16,25.35,23.71,23.89,24.32,26.1,25.91,26.14,25.04,25.07,27.24,25.21,23.82,24.4,26.04,24.03,24.9,23.9,24.59,25.51,24.55
2012,7,23,7,24.1,24.68,23.54,24.07,24.99,26.48,24.79,24.66,24.53,24.22,23.93,23.7,24.53,26.54,23.55,23.58,26.18,23.71,23.58,23.68,23.49,25.03,25.46,24.99,23.76,24.6,25.62,25.41,24.53,24.44,23.56,23.64,23.82,23.58,24.26,25.13,23.76,23.9,23.66,24.02,24.62,25.79,23.48,24.66,24.02,23.88,25.28,24.56,24.41,23.9,23.7,24.63,24.44,25.6,24.19,23.55,23.67,24.68,24.54,26.05,23.8,23.8,25.52,23.54,23.57,23.88,26.22,25.65,25.76,24.69,24.51,26.74,24.81,23.73,24.4,26.18,23.64,24.43,23.84,24.14,25.1,24.57
2012,7,23,8,23.92,24.32,23.41,23.65,24.63,26.11,24.42,24.22,24.14,23.81,23.71,23.31,24.14,26.22,23.34,23.27,25.81,23.21,23.42,23.28,22.96,24.62,25.18,24.65,23.46,24.16,25.16,25.02,24.16,24.17,23.24,23.43,23.62,23.07,23.79,24.8,23.42,23.49,23.46,23.63,24.22,25.34,23.31,24.26,23.63,23.61,24.95,24.19,23.99,23.42,23.32,24.19,24.01,25.27,23.85,23.0,23.51,24.32,24.16,25.7,23.5,23.43,25.09,23.29,23.28,23.48,25.81,25.27,25.45,24.32,24.2,26.38,24.44,23.47,24.1,25.74,23.19,24.03,23.7,23.67,24.73,24.16
2012,7,23,9,23.76,24.0,23.29,23.29,24.26,25.73,24.09,23.84,23.77,23.42,23.51,22.89,23.78,25.91,23.15,22.85,25.47,22.75,23.27,22.98,22.47,24.28,24.82,24.34,23.2,23.8,24.74,24.68,23.89,24.13,22.89,23.15,23.44,22.64,23.38,24.47,22.98,23.13,23.22,23.33,23.87,24.93,23.14,23.91,23.3,23.18,24.6,23.88,23.61,23.03,23.02,23.79,23.61,24.96,23.41,22.57,23.2,23.95,23.85,25.39,23.29,23.18,24.7,23.05,23.02,23.12,25.42,24.92,25.15,23.95,23.97,26.06,24.08,22.99,23.85,25.34,23.1,23.66,23.59,23.25,24.42,23.8
2012,7,23,10,23.57,23.73,23.09,22.99,23.96,25.31,23.79,23.51,23.41,23.11,23.34,22.74,23.46,25.49,22.98,22.56,25.16,22.39,23.09,22.99,22.28,23.96,24.54,24.34,22.98,23.49,24.33,24.37,23.69,24.29,22.53,22.92,23.26,22.39,23.05,24.19,22.73,22.78,23.03,23.12,23.6,24.52,22.97,23.53,23.02,22.97,24.29,23.62,23.28,22.76,22.67,23.41,23.26,24.64,23.18,22.18,22.97,23.61,23.64,24.97,23.1,22.95,24.31,22.85,22.72,23.06,25.02,24.53,24.85,23.66,23.76,25.7,23.77,22.8,23.64,24.97,22.48,23.35,23.4,22.92,24.14,23.48
2012,7,23,11,23.46,23.47,23.08,22.74,23.67,24.93,23.54,23.24,23.08,22.86,23.19,22.69,23.04,25.09,22.89,22.38,24.86,22.36,23.1,23.01,22.24,23.7,24.41,24.31,22.78,23.22,23.98,24.09,23.48,24.35,22.5,22.84,23.17,21.85,22.7,23.96,22.67,22.55,23.04,22.82,23.31,24.14,23.0,23.35,22.77,23.02,24.04,23.28,23.0,22.43,22.48,23.12,22.93,24.35,23.2,22.18,23.05,23.3,23.41,24.57,22.92,22.68,23.95,22.71,22.46,23.13,24.66,24.18,24.59,23.38,23.51,25.31,23.48,22.98,23.42,24.62,22.04,23.08,23.32,22.61,23.91,23.22
2012,7,23,12,23.58,23.61,23.3,22.87,23.9,25.0,23.7,23.44,23.2,23.03,23.39,22.73,23.25,25.22,23.11,22.97,25.15,23.34,23.31,23.7,23.01,23.89,24.65,24.46,23.06,23.41,24.24,24.23,23.55,24.63,22.54,23.28,23.37,22.68,23.05,24.11,23.48,22.95,23.38,22.83,23.48,24.35,23.24,23.74,22.99,23.71,24.26,23.42,23.2,22.67,22.71,23.5,23.15,24.51,23.73,23.11,23.45,23.49,23.47,24.78,23.07,22.79,24.16,22.92,22.75,23.71,24.81,24.37,24.77,23.55,23.59,25.51,23.65,23.56,23.6,24.74,22.73,23.26,23.47,22.76,24.06,23.41
2012,7,23,13,24.91,25.41,25.04,25.25,25.8,26.23,25.39,25.21,25.46,25.04,25.03,24.76,25.4,26.48,25.04,24.8,26.84,25.29,24.95,25.68,25.47,25.45,25.63,25.44,25.15,25.31,25.62,25.59,25.44,25.76,24.6,24.93,24.93,24.86,25.1,25.64,24.97,24.87,25.17,25.28,25.47,25.79,25.05,25.56,25.32,25.05,26.08,25.6,25.19,25.02,24.84,25.45,25.29,26.02,25.24,25.56,25.2,25.52,25.22,26.29,25.11,25.05,25.59,25.01,24.8,25.33,26.02,25.85,26.35,25.41,25.32,26.88,25.59,25.03,25.25,25.92,24.83,25.12,24.87,25.12,25.52,25.24
2012,7,23,14,26.55,27.23,26.37,26.65,27.66,27.47,26.99,26.85,27.03,26.78,26.61,26.85,26.94,27.81,26.44,26.32,28.42,26.46,26.43,27.08,26.96,27.0,26.79,26.67,26.58,26.74,26.97,26.88,27.18,26.98,26.56,26.18,26.56,26.55,27.02,27.2,26.25,26.89,26.22,26.51,27.21,27.14,26.16,27.08,26.56,26.24,27.84,27.18,26.89,26.64,26.58,27.16,26.92,27.47,26.77,26.7,26.26,27.24,26.99,27.71,26.44,26.41,26.97,26.43,26.45,26.79,27.22,27.26,27.91,27.28,27.04,28.25,27.38,26.13,26.71,27.11,26.85,26.83,26.47,26.76,27.01,26.72
2012,7,23,15,27.89,28.93,27.65,28.06,29.4,28.59,28.56,28.24,28.6,28.33,27.84,28.13,28.42,29.1,27.55,27.56,29.99,27.81,27.72,28.53,28.43,28.44,28.0,28.02,27.7,28.06,28.14,28.2,28.87,28.19,27.88,27.35,27.87,27.91,28.39,28.78,27.58,28.19,27.37,27.84,28.91,28.37,27.35,28.51,27.71,27.58,29.54,28.72,28.37,27.94,27.87,28.65,28.43,28.96,28.25,28.13,27.49,28.94,28.68,29.14,27.48,27.63,28.24,27.37,27.61,28.3,28.33,28.65,29.48,29.0,28.73,29.63,29.12,27.41,28.01,28.16,28.16,28.42,27.78,28.17,28.51,27.92
2012,7,23,16,29.06,30.23,28.87,29.22,30.66,29.69,29.95,29.48,29.92,29.49,28.95,29.49,29.62,30.22,28.91,28.83,31.34,28.9,28.86,29.38,29.63,29.8,28.54,28.57,28.86,29.19,29.25,29.27,30.25,28.67,29.05,28.81,28.93,29.04,29.64,30.09,28.75,29.53,28.84,29.11,30.33,29.53,28.63,29.74,28.9,28.91,30.84,30.01,29.7,29.19,29.16,29.91,29.58,30.22,29.18,29.18,28.77,30.34,30.02,30.3,28.86,28.93,29.32,28.95,28.9,29.13,29.44,29.82,30.79,30.3,29.99,30.85,30.49,28.79,29.06,29.27,29.52,29.71,29.09,29.29,29.86,29.02
2012,7,23,17,29.83,31.19,29.63,30.44,32.01,30.79,31.0,30.48,31.04,30.72,29.98,30.61,30.8,31.26,29.91,29.75,32.85,29.76,29.63,30.25,30.62,30.76,28.8,28.9,30.01,30.25,30.29,30.38,31.32,29.2,30.18,29.67,29.84,30.0,30.8,31.31,29.63,30.59,29.66,30.41,31.46,30.51,29.47,31.01,30.06,29.72,32.32,31.2,30.74,30.44,30.35,31.19,30.83,31.44,29.73,30.07,29.66,31.53,30.99,31.38,30.0,30.2,30.43,30.03,30.01,29.77,30.43,30.81,32.2,31.4,30.93,32.09,31.7,29.6,30.16,30.43,30.61,30.8,29.89,30.57,30.92,30.11
2012,7,23,18,30.88,32.0,30.88,31.1,32.98,31.61,31.94,31.19,31.88,31.46,31.02,31.16,31.61,32.14,30.77,30.7,33.89,30.7,30.81,30.51,31.38,31.6,29.13,29.14,30.84,30.98,31.11,31.3,32.22,28.73,30.97,30.6,30.97,31.01,31.53,32.36,30.67,31.21,30.64,31.2,32.3,31.31,30.57,31.86,30.86,30.78,33.38,32.05,31.49,31.13,31.06,32.02,31.62,32.49,30.27,30.97,30.87,32.45,31.82,32.32,30.85,31.02,31.34,30.83,30.94,30.37,31.2,31.69,33.26,32.28,31.78,33.1,32.6,30.73,31.1,31.25,31.28,31.65,30.97,31.24,31.89,30.99
2012,7,23,19,31.34,32.92,31.11,31.7,33.83,32.08,32.2,31.9,32.11,31.84,31.59,32.38,31.67,32.68,31.55,31.89,34.72,32.2,31.21,32.27,32.81,32.14,30.04,30.5,31.38,31.66,31.78,31.91,32.89,30.92,31.86,31.74,31.41,32.23,32.29,32.77,32.07,32.24,31.57,31.68,32.86,31.94,31.19,32.01,31.33,31.82,34.15,32.38,32.12,31.75,31.8,32.37,31.65,33.02,31.03,32.51,31.26,32.81,32.66,32.9,31.39,31.52,32.01,31.66,31.66,31.92,31.81,32.23,33.99,33.14,32.67,33.8,33.22,31.27,31.7,31.84,32.59,31.93,31.39,31.63,32.26,31.53
2012,7,23,20,31.11,33.39,30.13,31.88,34.42,32.41,32.41,31.8,32.59,32.04,31.67,32.95,32.27,33.14,31.77,32.18,35.21,32.4,30.96,32.35,33.03,32.11,30.37,30.76,31.7,31.73,32.0,32.28,33.48,30.95,32.51,32.0,31.21,32.6,32.78,33.01,32.26,32.72,31.75,32.23,33.47,32.11,31.18,32.72,31.76,31.8,34.63,33.03,31.98,32.21,32.37,33.02,32.23,33.27,31.51,32.7,29.52,33.32,33.23,33.31,31.95,32.26,32.35,32.1,32.31,32.18,32.08,32.49,34.38,33.74,33.04,34.26,33.81,30.01,31.93,32.12,33.04,32.13,30.32,32.07,32.33,31.76
2012,7,23,21,31.63,33.58,30.37,32.13,34.43,32.63,32.54,32.14,32.57,32.2,31.65,33.1,32.3,33.21,31.72,32.3,35.14,32.31,31.17,32.42,33.17,32.33,29.98,30.19,31.72,32.06,32.34,32.34,33.6,30.71,32.75,32.06,31.51,32.69,32.93,33.07,32.26,32.91,31.71,32.42,33.53,32.37,30.86,32.75,31.97,31.73,34.58,33.02,32.25,32.4,32.61,33.08,32.28,33.28,30.64,32.76,29.77,33.32,33.4,33.33,32.13,32.42,32.51,32.18,32.49,30.86,32.34,32.59,34.28,33.84,33.32,34.29,33.82,30.38,31.92,32.35,33.25,32.3,30.56,32.19,32.48,32.01
2012,7,23,22,30.45,33.26,29.77,31.7,33.71,32.41,32.25,31.78,31.7,31.9,31.53,32.71,32.14,32.97,31.35,32.05,34.64,31.46,30.4,30.9,32.38,32.07,29.65,29.63,31.45,31.68,32.16,32.18,33.15,29.66,32.4,31.72,31.21,32.38,32.42,32.75,30.64,32.42,31.28,32.0,32.18,32.22,30.31,32.56,31.64,30.78,33.57,32.61,31.89,31.89,32.13,32.78,32.17,32.96,29.51,32.15,29.82,31.58,32.85,33.15,31.72,32.06,32.34,31.79,32.16,30.02,32.17,32.38,33.5,33.11,32.93,34.2,32.73,30.27,31.75,32.13,32.82,32.09,29.53,31.89,32.33,31.66
2012,7,23,23,29.86,31.93,29.28,31.27,32.48,32.1,31.74,31.28,31.32,31.36,30.8,31.54,31.38,32.49,30.67,31.3,33.21,30.71,29.74,28.9,30.46,31.64,29.0,28.7,31.04,31.25,31.89,31.83,32.1,28.93,30.95,30.81,30.42,31.5,31.57,32.05,30.06,30.9,30.37,31.64,31.3,31.93,29.73,31.74,31.38,29.63,32.62,31.69,31.39,31.52,31.28,32.18,31.53,32.3,29.07,30.6,29.35,31.41,31.73,32.59,31.41,31.66,32.08,31.34,31.25,28.88,31.96,32.03,32.81,31.87,32.14,33.32,31.74,29.27,31.24,31.87,32.01,31.49,29.12,31.26,31.77,31.39
2012,7,24,0,28.77,30.59,28.58,30.31,31.3,31.48,30.72,30.48,30.58,30.43,29.98,29.68,30.42,31.83,29.67,29.51,32.5,29.29,28.81,28.09,29.34,30.67,28.25,28.15,29.97,30.51,31.21,31.22,30.59,28.18,29.26,29.55,29.26,29.56,30.13,30.85,28.88,29.71,29.37,30.39,30.34,31.26,28.91,30.43,30.19,28.73,31.6,30.6,30.48,29.8,29.95,30.67,30.23,31.21,28.32,29.28,28.63,30.6,30.26,31.79,29.76,30.4,31.45,29.86,29.42,28.18,31.32,31.14,31.86,30.64,30.69,32.58,30.72,28.53,30.52,31.3,29.81,30.69,28.31,29.77,30.6,30.68
2012,7,24,1,27.9,29.11,27.52,29.1,29.85,30.42,29.7,29.37,29.56,29.34,28.76,28.74,29.44,30.82,28.45,28.57,31.34,28.09,27.7,27.28,28.0,29.58,27.42,27.38,28.87,29.43,30.02,30.08,29.1,27.41,28.19,28.32,28.12,28.68,29.17,29.56,27.83,28.96,28.19,29.18,29.19,30.14,27.76,29.34,28.99,27.86,30.23,29.44,29.3,28.63,28.95,29.5,29.27,29.96,27.53,28.0,27.63,29.51,28.79,30.66,28.68,29.18,30.25,28.74,28.43,27.36,30.19,30.0,30.55,29.23,29.07,31.57,29.4,27.64,29.42,30.19,28.8,29.6,27.52,28.75,29.44,29.51
2012,7,24,2,27.12,28.13,26.59,28.1,28.78,29.44,28.75,28.39,28.5,28.3,27.54,28.23,28.54,29.87,27.18,27.46,30.27,27.11,26.73,26.58,27.08,28.66,26.82,26.87,27.66,28.37,28.93,29.14,28.15,26.87,27.81,27.18,27.05,27.7,28.34,28.55,26.93,28.25,27.1,28.28,28.32,29.04,26.72,28.56,27.9,27.0,29.15,28.4,28.31,27.95,28.15,28.57,28.45,28.99,26.71,27.07,26.66,28.45,27.88,29.64,27.78,28.2,29.21,27.56,27.84,26.68,29.13,28.98,29.49,28.22,27.98,30.61,28.36,26.71,28.33,29.21,27.98,28.6,26.78,27.78,28.56,28.44
2012,7,24,3,26.53,27.38,25.93,27.22,27.97,28.66,28.02,27.62,27.65,27.55,26.69,27.64,27.82,29.08,26.41,26.71,29.39,26.54,26.03,26.11,26.42,27.94,26.43,26.5,26.85,27.62,28.06,28.29,27.54,26.48,27.23,26.52,26.3,26.93,27.57,27.81,26.36,27.5,26.41,27.33,27.58,28.15,26.01,28.01,27.07,26.37,28.3,27.63,27.55,27.13,27.35,27.83,27.76,28.23,26.09,26.5,25.94,27.59,27.21,28.8,27.07,27.33,28.3,26.77,27.05,26.2,28.28,28.18,28.65,27.47,27.2,29.77,27.6,25.99,27.44,28.39,27.17,27.86,26.27,26.91,27.91,27.65
2012,7,24,4,26.04,26.84,25.44,26.63,27.35,28.0,27.28,27.03,26.91,26.89,26.06,27.12,26.8,28.44,25.73,26.11,28.67,25.95,25.5,25.73,26.08,27.32,25.97,26.07,26.15,26.99,27.32,27.63,27.13,26.06,26.64,25.93,25.76,26.37,26.85,27.19,25.77,26.97,25.82,26.75,27.01,27.43,25.44,27.12,26.42,25.8,27.63,27.05,26.9,26.56,26.85,26.96,26.72,27.61,25.49,26.01,25.42,26.91,26.72,28.12,26.4,26.71,27.55,26.06,26.36,25.68,27.6,27.52,27.97,26.92,26.66,29.09,27.02,25.44,26.75,27.67,26.65,26.97,25.85,26.51,27.31,27.0
2012,7,24,5,25.57,26.33,24.9,26.03,26.77,27.48,26.62,26.46,26.21,26.02,25.55,26.36,25.99,27.86,25.27,25.67,28.05,25.6,24.99,25.37,25.62,26.76,25.55,25.76,25.59,26.53,26.9,27.09,26.68,25.79,25.9,25.52,25.28,25.83,26.2,26.71,25.4,26.35,25.38,26.19,26.4,26.94,24.97,26.45,25.85,25.35,27.06,26.45,26.24,25.97,26.16,26.18,25.92,27.11,25.05,25.63,24.91,26.3,26.2,27.52,25.87,26.05,27.03,25.61,25.75,25.36,27.13,27.0,27.41,26.35,26.21,28.45,26.43,24.95,26.15,27.21,25.99,26.15,25.4,25.81,26.82,26.43
2012,7,24,6,25.14,25.9,24.49,25.55,26.32,27.1,26.25,26.08,25.73,25.57,25.19,25.68,25.51,27.39,24.85,25.21,27.54,25.16,24.6,25.07,25.31,26.43,25.16,25.47,25.12,26.08,26.64,26.64,26.15,25.57,25.3,25.07,24.94,25.38,25.67,26.35,24.96,25.68,24.95,25.58,25.88,26.61,24.57,25.67,25.4,24.92,26.59,26.02,25.85,25.42,25.42,25.65,25.46,26.71,24.62,25.24,24.54,25.87,25.75,27.03,25.35,25.43,26.68,25.12,25.25,24.98,26.82,26.6,26.96,25.92,25.76,27.95,26.0,24.57,25.7,26.94,25.56,25.74,24.97,25.36,26.5,26.0
2012,7,24,7,24.82,25.39,24.33,25.22,25.81,26.83,25.84,25.67,25.36,25.29,25.05,25.35,25.22,26.97,24.64,24.92,27.04,24.89,24.37,25.08,25.14,26.11,25.1,25.51,24.85,25.71,26.4,26.31,25.59,25.62,24.96,24.88,24.76,25.02,25.54,26.08,24.83,25.38,24.79,25.23,25.46,26.31,24.4,25.12,25.13,24.85,26.13,25.59,25.44,25.23,25.09,25.47,25.23,26.45,24.54,24.98,24.42,25.45,25.29,26.64,25.05,25.09,26.39,24.82,24.93,24.92,26.59,26.3,26.57,25.42,25.28,27.45,25.56,24.5,25.5,26.72,25.27,25.35,24.57,25.25,26.29,25.69
2012,7,24,8,24.49,25.11,24.05,24.81,25.44,26.57,25.52,25.34,24.94,24.85,24.69,24.97,24.86,26.66,24.24,24.58,26.68,24.58,24.05,24.84,24.86,25.77,24.74,25.17,24.47,25.38,26.14,25.94,25.33,25.42,24.63,24.51,24.42,24.71,25.06,25.77,24.48,24.95,24.38,24.81,25.1,26.08,24.01,24.67,24.76,24.46,25.78,25.14,25.05,24.75,24.68,24.96,24.86,26.1,24.12,24.69,24.07,25.07,25.06,26.3,24.68,24.74,26.07,24.46,24.61,24.64,26.38,25.99,26.25,25.09,25.08,27.1,25.23,24.1,25.13,26.44,24.94,24.99,24.29,24.79,25.94,25.31
2012,7,24,9,24.17,24.74,23.63,24.43,25.09,26.28,25.24,25.05,24.58,24.45,24.42,24.63,24.49,26.42,23.95,24.25,26.36,24.28,23.73,24.6,24.59,25.46,24.41,24.9,24.19,25.04,25.85,25.61,25.09,25.23,24.33,24.13,24.15,24.42,24.59,25.5,24.14,24.52,24.02,24.43,24.76,25.87,23.66,24.23,24.41,24.1,25.46,24.66,24.76,24.29,24.31,24.53,24.49,25.79,23.74,24.4,23.67,24.75,24.77,26.03,24.36,24.41,25.75,24.12,24.3,24.33,26.16,25.71,25.95,24.73,24.79,26.79,24.91,23.73,24.85,26.11,24.63,24.67,23.93,24.34,25.61,24.99
2012,7,24,10,23.92,24.4,23.36,24.15,24.82,25.99,25.0,24.79,24.3,24.19,24.2,24.37,24.19,26.21,23.71,23.99,26.1,24.05,23.49,24.39,24.36,25.2,24.24,24.75,23.95,24.78,25.57,25.32,24.73,25.09,24.09,23.87,23.92,24.17,24.25,25.24,23.89,24.23,23.78,24.17,24.42,25.65,23.44,24.1,24.14,23.87,25.2,24.45,24.5,24.02,24.07,24.31,24.2,25.54,23.48,24.18,23.46,24.47,24.41,25.82,24.11,24.17,25.46,23.86,24.04,24.11,25.92,25.5,25.7,24.41,24.46,26.54,24.59,23.51,24.61,25.78,24.38,24.42,23.66,24.06,25.33,24.73
2012,7,24,11,23.79,24.19,23.19,23.83,24.64,25.63,24.68,24.51,24.04,23.9,24.02,24.13,23.93,25.89,23.48,23.74,25.86,23.84,23.32,24.18,24.14,24.89,24.1,24.61,23.71,24.49,25.26,25.03,24.33,24.91,23.84,23.61,23.74,23.92,24.0,24.94,23.67,23.99,23.56,23.87,24.11,25.33,23.25,23.88,23.85,23.64,24.99,24.05,24.2,23.77,23.83,24.07,23.94,25.26,23.28,23.97,23.26,24.26,24.13,25.55,23.86,23.91,25.14,23.6,23.78,23.92,25.59,25.21,25.46,24.23,24.2,26.26,24.38,23.29,24.4,25.43,24.14,24.13,23.53,23.8,24.98,24.47
2012,7,24,12,23.83,24.54,23.16,24.03,25.01,25.58,24.85,24.63,24.44,24.17,24.04,24.39,24.32,25.93,23.55,23.9,26.12,24.05,23.34,24.42,24.43,24.98,24.41,24.77,23.74,24.59,25.27,25.01,24.48,25.1,24.1,23.71,23.76,24.15,24.31,25.11,23.84,24.28,23.61,24.05,24.44,25.4,23.31,24.25,23.97,23.72,25.3,24.34,24.39,24.05,24.1,24.4,24.29,25.41,23.54,24.22,23.31,24.67,24.38,25.72,23.96,24.09,25.1,23.71,23.98,24.13,25.6,25.32,25.68,24.61,24.45,26.37,24.76,23.39,24.41,25.39,24.41,24.38,23.55,24.12,25.05,24.51
2012,7,24,13,25.64,26.57,25.14,25.82,26.96,26.72,26.54,26.22,26.55,25.99,25.64,26.01,26.35,27.17,25.38,25.71,27.78,25.89,25.23,26.32,26.29,26.49,26.34,26.31,25.75,26.14,26.64,26.32,26.74,26.62,25.76,25.52,25.44,25.94,26.16,26.75,25.64,26.0,25.45,25.82,26.77,26.81,25.12,26.59,25.92,25.6,27.14,26.77,26.16,25.85,25.81,26.49,26.24,26.97,25.73,26.09,25.17,26.8,26.44,27.25,25.73,25.77,26.48,25.59,25.71,25.93,26.81,26.82,27.32,26.63,26.45,27.72,26.87,25.21,25.95,26.53,26.11,26.16,25.5,25.92,26.54,26.09
2012,7,24,14,27.27,28.56,27.09,27.62,28.91,28.07,28.24,27.8,28.42,27.88,27.32,28.06,28.23,28.58,27.25,27.62,29.54,27.74,27.14,28.06,28.19,28.06,27.79,27.85,27.35,27.67,27.9,27.77,28.85,28.02,27.74,27.43,27.22,27.86,28.27,28.45,27.53,28.08,27.37,27.65,28.81,28.1,27.07,28.48,27.49,27.52,29.04,28.78,27.92,27.79,27.77,28.55,28.14,28.62,27.46,27.95,27.17,28.72,28.47,28.76,27.4,27.56,27.88,27.45,27.59,27.75,28.04,28.28,29.07,28.6,28.42,29.24,28.84,27.18,27.51,27.85,28.07,27.97,27.25,27.85,28.16,27.58
2012,7,24,15,28.68,30.19,28.56,29.23,30.6,29.49,29.79,29.28,29.99,29.58,28.81,29.78,29.8,30.03,28.81,29.19,31.18,29.27,28.65,29.49,29.49,29.54,28.9,29.13,28.82,29.12,29.21,29.2,30.39,29.38,29.37,29.01,28.71,29.44,30.01,30.01,29.07,29.75,28.93,29.26,30.43,29.38,28.62,30.03,28.97,29.04,30.75,30.3,29.52,29.42,29.36,30.26,29.77,30.18,28.85,29.41,28.66,30.32,30.06,30.24,28.89,29.11,29.29,29.03,29.16,29.27,29.33,29.68,30.72,30.25,29.97,30.76,30.46,28.67,28.96,29.21,29.55,29.6,28.61,29.47,29.67,29.02
2012,7,24,16,29.94,31.54,29.85,30.53,32.01,30.78,31.15,30.61,31.27,30.95,30.11,31.05,31.03,31.35,30.2,30.31,32.6,30.49,29.97,30.8,30.99,30.88,30.06,30.26,30.14,30.43,30.45,30.5,31.63,30.38,30.54,30.25,30.01,30.61,31.24,31.37,30.25,31.0,30.25,30.49,31.72,30.6,29.95,31.1,30.22,30.24,32.18,31.46,30.9,30.64,30.54,31.43,31.05,31.54,30.3,30.78,29.96,31.66,31.36,31.56,30.15,30.26,30.59,30.34,30.31,30.67,30.52,30.95,32.14,31.61,31.24,32.1,31.82,29.91,30.28,30.47,31.0,30.99,29.82,30.7,31.04,30.33
2012,7,24,17,30.71,32.74,30.83,31.44,33.3,31.83,32.28,31.7,32.35,32.01,30.65,31.98,32.02,32.46,30.87,31.24,33.85,31.38,30.81,31.77,31.89,32.01,30.93,31.16,30.78,31.4,31.48,31.46,32.77,31.27,31.29,31.25,30.68,31.44,31.97,32.56,31.2,31.76,31.24,31.21,32.88,31.64,30.85,31.99,30.94,31.29,33.46,32.53,32.03,31.26,31.22,32.25,32.02,32.72,31.34,31.74,31.03,32.82,32.5,32.66,30.89,30.97,31.61,31.24,31.11,31.68,31.54,32.03,33.37,32.85,32.37,33.29,33.02,31.0,30.99,31.49,32.0,32.11,30.61,31.52,32.19,31.21
2012,7,24,18,31.73,33.76,31.62,32.27,34.36,32.6,33.16,32.53,33.19,32.9,31.77,32.66,32.79,33.29,31.96,31.86,34.9,31.89,31.73,32.63,32.68,32.84,31.39,31.63,31.7,32.17,32.21,32.23,33.78,32.06,31.75,32.04,31.76,31.89,32.94,33.48,31.82,32.7,32.12,31.97,33.86,32.38,31.75,32.66,31.66,32.01,34.5,33.39,32.9,32.08,31.92,33.08,32.78,33.61,31.97,32.32,31.81,33.74,33.5,33.5,31.76,31.67,32.36,32.18,31.72,32.24,32.25,32.81,34.36,33.89,33.35,34.23,33.97,31.77,31.9,32.18,32.61,32.99,31.52,32.36,33.06,31.93
2012,7,24,19,32.33,32.84,32.31,32.27,33.2,32.75,32.73,32.43,32.69,32.54,32.45,32.96,32.42,33.02,32.35,32.3,34.3,30.66,32.42,32.35,32.48,32.56,31.23,31.01,32.14,32.37,32.62,32.79,32.81,31.79,32.81,32.04,32.45,32.48,32.73,32.8,31.25,32.81,32.18,32.25,32.95,32.48,32.21,32.44,32.04,31.97,33.6,32.74,32.64,32.25,32.51,32.85,32.5,33.12,31.45,31.67,32.28,32.97,32.45,33.15,32.14,32.27,32.91,32.44,32.62,30.76,32.44,32.57,33.76,32.62,32.68,33.81,32.88,31.96,32.47,32.65,32.56,32.63,32.13,32.2,32.61,32.37
2012,7,24,20,32.67,33.54,32.51,32.73,34.23,33.38,33.44,32.98,33.44,33.05,33.02,33.49,33.03,33.81,32.67,32.6,35.16,31.55,32.73,32.99,33.15,33.2,31.67,31.55,32.59,32.89,33.14,33.27,33.57,32.31,33.09,32.3,32.92,32.89,33.27,33.66,31.99,33.39,32.26,32.68,33.78,33.01,32.32,32.96,32.42,32.41,34.59,33.47,33.21,32.73,32.94,33.31,33.0,33.87,32.16,32.31,32.46,33.86,33.21,33.86,32.32,32.54,33.41,32.43,32.77,31.64,32.99,33.24,34.62,33.59,33.18,34.59,33.89,32.24,33.04,33.18,33.26,33.23,32.18,32.62,33.32,32.9
2012,7,24,21,32.54,33.86,32.27,32.46,34.62,33.54,33.6,32.87,33.61,32.98,33.04,31.17,33.16,33.98,32.54,31.52,35.28,31.74,32.5,33.01,32.84,33.22,31.76,31.73,32.69,32.84,33.34,33.54,33.85,32.32,32.13,31.97,32.83,31.43,33.19,33.93,32.07,32.99,32.27,32.47,34.12,33.17,32.23,33.02,32.42,32.5,34.84,33.66,32.98,32.62,32.5,33.33,33.06,34.01,32.48,31.98,32.42,34.14,33.57,34.07,32.34,32.48,33.71,32.36,32.46,32.0,33.22,33.38,34.69,34.05,33.37,34.7,34.27,32.37,33.25,33.34,31.31,33.23,32.16,32.53,33.44,33.06
2012,7,24,22,32.37,33.69,32.03,32.38,34.51,33.49,33.37,32.83,33.47,32.94,32.73,30.17,33.08,33.91,32.27,31.13,35.19,31.72,32.3,31.77,31.62,33.08,30.43,31.0,32.5,32.76,33.39,33.48,33.72,30.52,30.67,31.61,32.57,30.93,32.91,33.64,31.64,32.13,32.06,32.21,33.96,33.19,31.92,32.92,32.34,31.95,34.71,33.51,32.98,32.18,31.79,33.18,33.04,33.8,31.23,31.81,31.96,33.99,33.49,33.94,32.12,31.92,33.71,32.09,31.59,31.74,33.24,33.29,34.58,33.99,33.14,34.69,34.19,31.86,33.03,33.39,30.56,33.19,31.87,32.4,33.22,32.94
2012,7,24,23,30.94,32.73,30.35,31.71,32.8,33.22,32.13,32.28,31.52,31.75,31.24,29.96,31.32,33.13,31.54,31.03,34.08,31.05,30.71,31.05,31.15,32.45,29.54,30.03,31.68,32.23,33.15,33.08,31.3,30.07,29.77,31.07,30.82,30.59,31.9,32.26,30.56,30.84,31.1,31.38,31.26,32.93,30.75,30.93,31.74,30.62,32.93,31.17,32.26,31.55,30.69,32.03,31.79,32.83,29.68,31.42,29.91,31.69,32.33,33.08,31.11,30.45,33.36,31.49,30.85,30.72,32.99,32.85,33.19,32.48,32.61,33.71,32.19,29.97,32.29,33.13,30.46,31.95,30.5,31.69,32.44,32.37
2012,7,25,0,30.14,30.76,29.48,30.58,31.34,32.57,30.95,31.21,30.22,30.58,30.14,29.02,29.94,32.7,30.1,29.97,33.13,29.73,29.72,30.07,30.3,31.31,28.7,29.01,30.56,31.23,32.24,32.15,30.24,29.34,28.99,29.85,29.84,29.53,30.05,31.22,29.42,29.61,29.39,30.35,30.44,32.17,29.26,29.8,30.65,29.5,32.03,30.22,31.05,30.33,29.72,30.53,30.21,31.88,28.69,30.3,29.1,30.76,30.26,32.53,30.21,29.67,32.48,30.25,29.86,29.16,32.33,32.0,32.34,30.46,30.57,33.14,30.9,29.04,31.03,32.39,29.54,30.71,29.56,30.4,31.23,31.37
2012,7,25,1,29.16,29.69,28.33,29.27,30.4,31.44,29.97,29.96,29.67,29.59,29.24,28.28,29.54,31.71,29.02,28.95,31.95,28.72,28.67,29.03,29.44,30.11,28.01,28.14,29.37,29.88,30.88,30.87,29.44,28.45,28.32,28.7,28.99,28.92,29.38,30.05,28.39,28.67,28.5,29.27,29.73,30.94,28.35,29.3,29.42,28.46,30.85,29.55,29.72,29.22,28.71,29.94,29.64,30.59,27.85,29.25,28.14,29.94,29.37,31.43,29.39,29.02,31.17,29.12,28.98,28.15,31.12,30.73,31.15,29.76,29.41,32.19,30.05,28.11,29.73,31.18,28.87,29.85,28.49,29.44,29.97,30.03
2012,7,25,2,28.21,28.78,27.37,28.17,29.35,30.43,28.84,28.73,28.6,28.37,28.13,27.58,28.53,30.78,27.76,27.86,30.81,27.72,27.66,28.0,28.53,28.99,27.42,27.49,28.08,28.65,29.71,29.73,28.52,27.78,27.53,27.62,27.97,28.13,28.22,28.97,27.42,27.68,27.55,28.2,28.76,29.77,27.36,28.57,28.27,27.5,29.66,28.58,28.51,28.1,27.67,28.85,28.56,29.54,27.09,28.23,27.27,28.8,28.5,30.42,28.26,28.01,29.98,27.91,27.85,27.3,30.04,29.64,30.03,28.85,28.43,31.31,29.01,27.24,28.59,30.13,28.12,28.55,27.59,28.29,28.93,28.83
2012,7,25,3,27.44,28.12,26.58,27.3,28.64,29.67,28.08,27.85,27.87,27.51,27.37,27.01,27.84,30.02,26.94,27.05,30.0,26.96,26.89,27.19,27.76,28.18,26.96,27.03,27.22,27.81,28.89,28.88,27.84,27.32,26.94,26.88,27.22,27.41,27.39,28.27,26.71,26.96,26.84,27.28,28.05,28.91,26.62,27.94,27.42,26.79,28.9,27.9,27.64,27.17,26.91,27.95,27.77,28.8,26.47,27.38,26.53,28.06,27.86,29.6,27.39,27.17,29.08,27.08,27.05,26.67,29.25,28.82,29.25,28.2,27.76,30.56,28.31,26.53,27.81,29.36,27.66,27.7,26.88,27.39,28.2,28.01
2012,7,25,4,26.85,27.53,26.04,26.65,28.03,29.02,27.48,27.16,27.27,26.84,26.81,26.51,27.27,29.39,26.34,26.4,29.37,26.32,26.34,26.58,26.84,27.54,26.59,26.66,26.54,27.15,28.23,28.21,27.28,26.93,26.38,26.28,26.67,26.67,26.8,27.75,26.14,26.43,26.28,26.62,27.45,28.26,26.1,27.39,26.73,26.23,28.3,27.36,26.96,26.48,26.32,27.31,27.15,28.27,25.98,26.57,25.99,27.47,27.29,28.98,26.71,26.55,28.35,26.42,26.42,26.17,28.62,28.21,28.67,27.59,27.22,29.92,27.69,25.97,27.21,28.7,26.98,27.03,26.36,26.74,27.63,27.35
2012,7,25,5,26.35,27.12,25.56,26.13,27.58,28.51,26.92,26.64,26.77,26.36,26.43,26.13,26.8,28.87,25.93,25.93,28.87,25.9,25.87,26.19,26.32,26.97,26.31,26.34,26.09,26.65,27.71,27.74,26.83,26.64,25.95,25.8,26.23,26.13,26.34,27.28,25.71,26.04,25.8,26.11,26.98,27.74,25.65,26.94,26.19,25.75,27.83,26.9,26.45,25.98,25.9,26.82,26.68,27.77,25.59,26.09,25.5,26.97,26.86,28.42,26.15,26.04,27.84,25.91,25.96,25.8,28.11,27.66,28.19,27.16,26.81,29.38,27.22,25.47,26.8,28.17,26.36,26.52,25.94,26.26,27.07,26.83
2012,7,25,6,25.91,26.69,25.16,25.7,27.1,28.04,26.47,26.28,26.26,25.92,25.99,25.81,26.25,28.39,25.5,25.52,28.4,25.51,25.43,25.79,25.86,26.58,26.08,26.09,25.66,26.23,27.28,27.32,26.38,26.34,25.59,25.37,25.77,25.69,25.94,26.85,25.31,25.75,25.37,25.66,26.47,27.31,25.22,26.37,25.72,25.32,27.34,26.39,26.08,25.59,25.57,26.3,26.14,27.35,25.25,25.66,25.1,26.48,26.41,27.94,25.67,25.6,27.4,25.47,25.55,25.49,27.68,27.22,27.75,26.7,26.39,28.91,26.74,25.05,26.37,27.74,25.88,26.09,25.56,25.78,26.66,26.36
2012,7,25,7,25.73,25.84,25.04,25.15,26.23,27.46,25.82,25.6,25.63,25.35,25.64,25.34,25.63,27.62,25.21,25.33,27.57,25.43,25.21,25.71,25.68,25.9,26.24,26.19,25.26,25.63,26.69,26.87,25.72,26.41,25.21,25.2,25.49,25.49,25.51,26.12,25.2,25.31,25.19,25.2,25.76,26.63,25.01,25.8,25.26,25.17,26.52,25.75,25.43,25.12,25.1,25.81,25.56,26.6,25.25,25.58,24.99,25.8,25.66,27.14,25.37,25.22,26.89,25.24,25.25,25.47,27.08,26.5,26.97,25.84,25.69,28.04,25.96,24.93,25.96,27.27,25.54,25.47,25.41,25.28,25.98,25.83
2012,7,25,8,25.46,25.43,24.8,24.76,25.83,27.18,25.41,25.26,25.17,24.96,25.36,25.06,25.18,27.34,24.89,25.0,27.23,25.08,24.95,25.42,25.37,25.56,26.04,25.97,24.94,25.28,26.37,26.54,25.32,26.17,24.94,24.86,25.22,25.17,25.17,25.74,24.87,25.01,24.88,24.82,25.31,26.31,24.74,25.34,24.87,24.88,26.14,25.29,25.06,24.76,24.81,25.41,25.14,26.25,25.02,25.24,24.77,25.35,25.26,26.82,25.0,24.88,26.57,24.89,24.96,25.19,26.79,26.18,26.63,25.44,25.3,27.71,25.54,24.69,25.65,26.97,25.24,25.08,25.15,24.89,25.62,25.49
2012,7,25,9,25.2,25.1,24.57,24.42,25.55,26.9,25.11,24.98,24.82,24.6,25.13,24.79,24.81,27.08,24.65,24.69,26.97,24.82,24.71,25.18,25.11,25.29,25.83,25.76,24.71,25.01,26.13,26.25,24.98,25.97,24.64,24.58,24.99,24.86,24.84,25.46,24.62,24.73,24.63,24.51,24.94,26.05,24.51,24.95,24.6,24.64,25.87,24.91,24.73,24.44,24.52,25.05,24.77,25.99,24.81,24.98,24.54,25.03,24.93,26.55,24.7,24.59,26.3,24.61,24.66,24.96,26.54,25.92,26.37,25.13,24.97,27.44,25.21,24.47,25.41,26.7,24.96,24.74,24.9,24.54,25.36,25.24
2012,7,25,10,24.97,24.88,24.33,24.15,25.35,26.59,24.83,24.74,24.5,24.28,24.95,24.54,24.48,26.76,24.46,24.45,26.71,24.6,24.49,24.96,24.87,25.03,25.63,25.54,24.53,24.82,25.92,25.99,24.66,25.76,24.4,24.36,24.79,24.6,24.55,25.21,24.41,24.45,24.43,24.28,24.66,25.79,24.3,24.61,24.41,24.46,25.63,24.57,24.44,24.17,24.29,24.73,24.44,25.72,24.64,24.74,24.34,24.76,24.68,26.24,24.48,24.38,26.05,24.37,24.42,24.75,26.3,25.63,26.12,24.95,24.68,27.16,25.0,24.29,25.21,26.43,24.7,24.43,24.67,24.23,25.11,25.04
2012,7,25,11,24.72,24.62,24.12,23.89,25.06,26.29,24.58,24.54,24.21,24.0,24.7,24.33,24.19,26.48,24.22,24.26,26.42,24.4,24.24,24.78,24.71,24.84,25.46,25.33,24.29,24.62,25.7,25.73,24.38,25.54,24.2,24.18,24.53,24.41,24.28,24.97,24.24,24.21,24.24,24.03,24.37,25.6,24.08,24.33,24.17,24.31,25.35,24.3,24.21,23.91,24.06,24.44,24.13,25.49,24.48,24.55,24.16,24.45,24.4,25.98,24.25,24.15,25.79,24.16,24.22,24.55,26.06,25.43,25.85,24.66,24.39,26.86,24.7,24.14,24.98,26.15,24.52,24.16,24.46,23.96,24.91,24.83
2012,7,25,12,24.74,24.9,24.17,24.11,25.32,26.26,24.76,24.73,24.36,24.2,24.76,24.55,24.3,26.46,24.33,24.45,26.6,24.62,24.31,24.99,24.93,25.01,25.54,25.42,24.45,24.8,25.79,25.75,24.55,25.66,24.39,24.35,24.59,24.6,24.5,25.16,24.44,24.44,24.37,24.24,24.55,25.72,24.17,24.43,24.38,24.46,25.59,24.43,24.42,24.13,24.27,24.6,24.27,25.63,24.65,24.76,24.24,24.69,24.62,26.07,24.42,24.33,25.82,24.33,24.41,24.76,26.11,25.55,26.02,24.92,24.67,26.9,24.94,24.25,25.06,26.14,24.73,24.34,24.49,24.16,25.07,24.97
2012,7,25,13,26.05,26.71,25.65,25.89,27.17,27.43,26.54,26.41,26.4,26.01,26.08,26.22,26.16,27.74,25.77,25.95,28.23,26.26,25.78,26.54,26.5,26.65,26.71,26.68,25.94,26.35,27.03,26.81,26.59,26.83,25.98,25.84,25.98,26.14,26.32,26.87,26.05,26.21,25.84,25.92,26.69,27.2,25.61,26.36,26.04,26.02,27.41,26.52,26.25,25.91,25.94,26.52,26.14,27.28,26.29,26.35,25.7,26.75,26.46,27.68,25.89,25.9,26.94,25.85,25.93,26.46,27.36,27.18,27.68,26.74,26.5,28.23,26.9,25.74,26.3,27.2,26.31,26.16,25.9,25.91,26.69,26.32
2012,7,25,14,27.25,28.68,26.95,27.73,29.19,28.79,28.44,28.15,28.41,28.02,27.48,27.99,28.12,29.2,27.29,27.57,30.02,27.75,27.05,28.21,28.22,28.41,27.94,27.95,27.47,27.97,28.34,28.16,28.65,28.19,27.61,27.42,27.25,27.75,28.24,28.72,27.53,28.05,27.36,27.64,28.73,28.6,26.99,28.24,27.59,27.48,29.4,28.54,28.18,27.74,27.67,28.48,28.12,29.04,27.72,27.99,27.08,28.78,28.44,29.28,27.44,27.51,28.29,27.5,27.54,27.92,28.64,28.77,29.51,28.75,28.41,29.78,28.93,27.15,27.74,28.46,28.02,28.16,27.18,27.84,28.49,27.83
2012,7,25,15,28.61,30.44,28.24,29.43,31.01,30.17,30.03,29.72,29.94,29.7,28.85,29.76,29.61,30.64,28.76,29.26,31.75,29.35,28.46,29.74,29.81,29.95,29.14,29.28,28.9,29.52,29.66,29.6,30.33,29.53,29.4,29.06,28.66,29.46,29.97,30.35,29.15,29.83,28.9,29.42,30.37,29.92,28.44,29.69,29.14,29.07,31.21,30.09,29.81,29.49,29.47,30.08,29.67,30.65,29.18,29.56,28.42,30.4,30.13,30.78,29.02,29.26,29.73,29.14,29.3,29.47,29.92,30.19,31.22,30.51,30.13,31.32,30.63,28.58,29.16,29.81,29.72,29.78,28.47,29.48,30.08,29.29
2012,7,25,16,29.74,32.08,29.5,30.66,32.62,31.46,31.4,30.84,31.45,31.11,30.11,31.07,31.16,31.96,30.13,30.49,33.29,30.64,29.71,31.1,31.11,31.11,30.27,30.55,30.25,30.7,30.87,30.99,31.88,30.79,30.49,30.42,29.87,30.61,31.44,31.81,30.49,31.2,30.29,30.66,31.98,31.03,29.81,31.21,30.4,30.46,32.8,31.63,31.02,30.85,30.7,31.63,31.21,32.01,30.54,30.88,29.76,31.97,31.74,32.07,30.26,30.4,31.1,30.46,30.42,30.88,31.07,31.38,32.73,32.13,31.71,32.74,32.23,29.96,30.51,31.07,30.99,31.16,29.6,30.87,31.33,30.63
2012,7,25,17,30.65,33.44,30.3,31.66,34.03,32.41,32.56,31.86,32.66,32.35,31.1,32.13,32.35,33.01,31.15,31.62,34.62,31.76,30.64,32.29,32.35,32.17,30.88,31.22,31.22,31.64,31.81,31.99,33.24,31.77,31.5,31.58,30.9,31.78,32.45,33.04,31.6,32.19,31.4,31.46,33.31,31.91,30.83,32.37,31.32,31.54,34.18,32.9,32.18,31.75,31.56,32.76,32.41,33.18,31.4,32.08,30.71,33.26,33.08,33.12,31.3,31.24,32.12,31.62,31.45,31.82,31.96,32.36,34.02,33.51,33.02,33.93,33.57,30.97,31.49,32.06,32.16,32.37,30.3,31.99,32.45,31.63
2012,7,25,18,31.48,34.54,31.27,32.37,35.19,33.25,33.41,32.58,33.6,33.03,32.23,32.99,33.23,33.67,32.16,32.37,35.55,32.52,31.64,33.17,33.31,32.88,31.82,32.11,32.13,32.5,32.73,32.99,34.36,32.48,32.4,32.37,31.92,32.58,33.27,33.97,32.44,33.05,32.26,32.34,34.4,32.74,31.8,33.28,32.13,32.48,35.29,33.89,32.78,32.53,32.39,33.64,33.22,33.94,32.43,32.87,31.7,34.27,34.18,33.78,32.07,32.18,33.08,32.34,32.3,32.7,32.8,33.07,34.87,34.65,34.11,34.59,34.67,31.99,32.55,32.95,33.1,33.11,31.19,32.73,33.23,32.52
2012,7,25,19,32.21,34.67,32.25,32.75,35.01,33.28,33.03,32.6,33.46,33.16,32.94,33.25,33.22,33.55,33.0,32.99,35.26,32.69,32.51,30.9,32.5,32.48,31.96,31.83,32.79,32.8,33.09,33.57,34.5,30.37,32.93,33.03,32.65,32.91,33.57,33.28,32.87,33.34,33.05,32.9,34.33,32.73,32.7,33.38,32.6,33.06,34.81,33.94,32.82,32.99,32.98,33.81,33.24,33.31,32.8,32.78,32.64,33.93,34.27,33.42,32.69,32.78,33.59,33.1,32.96,32.51,32.81,32.61,34.46,34.59,34.26,34.62,34.34,32.75,33.15,33.35,33.05,33.07,32.03,32.92,32.51,32.92
2012,7,25,20,32.53,34.91,32.53,33.36,35.11,33.89,33.59,33.33,33.78,33.72,33.38,33.74,33.55,34.1,33.48,33.49,35.49,33.15,32.89,29.73,31.59,33.27,32.05,31.77,33.32,33.36,33.6,34.0,34.78,30.47,33.51,33.51,33.05,33.34,34.2,33.78,33.25,33.96,33.53,33.53,34.56,33.39,33.1,33.81,33.14,33.46,35.12,34.16,33.57,33.63,33.63,34.35,33.69,33.88,33.14,32.9,33.08,34.26,34.53,34.01,33.23,33.4,34.07,33.63,33.53,32.44,33.39,33.36,34.81,34.68,34.69,34.89,34.58,33.19,33.64,33.73,33.52,33.69,32.13,33.48,33.26,33.46
2012,7,25,21,31.05,34.81,31.54,33.48,34.88,34.16,33.83,33.43,33.95,33.86,33.48,33.85,33.8,34.23,33.45,33.36,35.58,32.66,32.28,29.41,29.73,33.43,30.65,31.0,33.46,33.56,33.9,34.2,34.67,30.56,33.46,33.43,32.97,33.22,34.24,33.84,33.34,33.99,33.44,33.75,34.5,33.66,32.99,33.99,33.41,33.47,34.98,34.11,33.63,33.72,33.68,34.52,33.94,33.94,31.97,30.8,32.86,34.28,34.5,34.12,33.47,33.56,34.3,33.63,33.55,30.38,33.7,33.54,34.79,34.53,34.73,34.96,34.52,32.92,33.83,34.09,32.7,33.83,28.78,33.66,33.43,33.71
2012,7,25,22,29.22,34.58,28.8,33.33,34.72,34.07,33.75,33.41,33.79,33.73,32.06,33.05,33.61,34.1,32.55,32.91,34.76,30.81,29.78,30.15,30.11,33.48,29.02,29.45,33.0,33.4,33.77,34.05,34.21,30.42,33.0,32.43,30.53,31.73,33.81,33.55,31.05,33.58,32.11,33.4,34.23,33.66,31.31,33.64,33.15,31.04,34.67,33.73,33.6,33.38,33.21,34.15,33.74,33.59,29.3,30.17,29.21,34.13,34.21,34.03,33.05,33.17,34.2,33.12,33.15,29.49,33.66,33.57,33.87,34.34,34.37,34.42,34.33,29.81,33.32,34.0,31.25,33.76,28.38,33.31,33.39,33.47
2012,7,25,23,28.67,33.81,27.91,31.8,33.93,33.82,33.11,32.6,33.23,32.59,30.29,30.48,32.95,33.8,30.6,29.51,34.1,29.52,28.65,29.76,30.1,33.0,28.66,28.87,31.35,32.31,33.07,32.5,33.49,29.65,30.5,29.3,29.22,29.5,32.07,33.03,29.34,30.26,29.17,31.32,33.65,33.32,29.1,32.7,32.1,29.0,33.75,33.13,32.85,31.26,30.22,32.88,32.78,33.16,28.72,29.82,27.95,33.61,33.52,33.65,31.2,31.44,32.94,30.21,30.23,28.83,33.42,33.24,33.47,33.68,33.55,33.97,33.69,28.33,31.53,33.48,30.37,33.02,28.15,31.96,32.89,32.37
2012,7,26,0,28.21,32.4,27.44,30.4,32.78,32.73,31.83,31.33,31.84,30.99,29.22,29.55,31.52,33.06,29.33,28.5,33.29,28.68,27.98,29.03,29.28,31.74,28.06,28.33,30.12,31.03,31.88,31.63,32.18,28.97,29.07,28.4,28.45,28.69,30.76,32.06,28.55,29.79,28.36,30.24,32.29,32.35,28.17,31.57,30.55,28.35,32.73,31.87,31.33,30.2,29.69,31.62,31.35,32.32,28.09,28.97,27.41,32.4,32.02,33.03,29.84,29.91,31.95,29.15,28.84,28.1,32.48,32.42,32.7,32.41,32.12,33.45,32.54,27.72,30.4,32.29,29.41,31.35,27.84,30.65,31.81,31.12
2012,7,26,1,27.53,30.87,26.71,29.24,31.35,31.7,30.3,30.01,30.25,29.68,28.08,28.57,30.07,32.09,28.04,27.87,32.19,27.76,27.09,27.92,28.21,30.29,27.35,27.61,28.8,29.85,30.81,30.49,30.55,28.04,28.15,27.62,27.51,28.05,29.55,30.6,27.63,28.86,27.47,29.13,30.73,31.14,27.17,30.2,29.23,27.51,31.37,30.32,29.89,29.13,28.68,30.26,29.99,31.05,27.29,27.92,26.71,30.74,30.55,31.92,28.7,28.71,30.91,28.16,28.06,27.37,31.34,31.11,31.5,30.96,30.51,32.58,31.03,26.97,29.13,31.2,28.45,29.96,27.2,29.45,30.31,29.92
2012,7,26,2,26.92,29.73,26.03,28.2,30.18,30.82,29.3,28.98,29.23,28.62,27.27,27.6,29.06,31.25,27.09,27.08,31.19,26.99,26.37,27.03,27.28,29.31,26.83,27.03,27.81,28.77,29.89,29.41,29.36,27.36,27.29,26.82,26.8,27.29,28.41,29.58,26.85,27.81,26.68,27.99,29.53,30.15,26.37,29.17,28.15,26.77,30.27,29.22,28.88,27.99,27.6,29.09,28.93,30.11,26.58,27.06,26.02,29.54,29.38,31.0,27.72,27.66,29.85,27.23,27.24,26.68,30.41,30.13,30.53,29.76,29.4,31.74,29.79,26.26,28.14,30.3,27.53,28.92,26.53,28.38,29.35,28.83
2012,7,26,3,26.5,28.9,25.62,27.42,29.32,30.12,28.44,28.13,28.39,27.72,26.66,27.01,28.19,30.59,26.38,26.43,30.48,26.34,25.91,26.38,26.61,28.46,26.48,26.59,26.99,28.04,29.16,28.52,28.59,26.87,26.69,26.2,26.31,26.64,27.64,28.78,26.21,27.14,26.09,27.27,28.71,29.4,25.81,28.34,27.41,26.16,29.45,28.44,27.96,27.26,26.92,28.23,28.01,29.36,26.0,26.4,25.56,28.68,28.6,30.26,26.98,26.99,28.94,26.52,26.61,26.1,29.74,29.33,29.8,28.9,28.65,31.1,28.94,25.74,27.38,29.53,26.9,28.0,26.1,27.56,28.53,28.03
2012,7,26,4,26.16,28.13,25.36,26.86,28.56,29.44,27.72,27.57,27.66,27.16,26.23,26.47,27.52,29.95,25.85,25.88,29.86,25.82,25.59,25.86,26.03,27.83,26.24,26.28,26.32,27.45,28.45,27.85,27.9,26.5,26.14,25.69,25.97,26.08,27.06,28.08,25.71,26.6,25.61,26.66,27.96,28.81,25.4,27.66,26.73,25.67,28.75,27.76,27.38,26.65,26.33,27.61,27.4,28.71,25.58,25.88,25.25,27.91,27.86,29.58,26.34,26.39,28.2,25.94,26.04,25.66,29.1,28.71,29.18,28.14,27.91,30.48,28.16,25.33,26.81,28.78,26.33,27.37,25.73,27.0,27.85,27.32
2012,7,26,5,25.74,27.55,24.99,26.33,27.98,28.78,27.29,27.07,27.21,26.69,25.83,26.02,27.08,29.37,25.43,25.46,29.33,25.38,25.2,25.45,25.59,27.42,26.08,26.0,25.82,26.86,27.79,27.3,27.36,26.21,25.7,25.31,25.57,25.64,26.53,27.6,25.29,26.12,25.26,26.12,27.42,28.2,25.05,27.15,26.16,25.31,28.19,27.25,26.92,26.11,25.86,27.08,26.95,28.28,25.27,25.45,24.94,27.41,27.31,29.06,25.84,25.89,27.58,25.51,25.61,25.28,28.45,28.24,28.69,27.56,27.34,29.93,27.6,25.03,26.35,28.1,25.87,26.95,25.33,26.49,27.45,26.73
2012,7,26,6,25.42,27.05,24.72,25.84,27.58,28.15,26.9,26.54,26.82,26.19,25.53,25.56,26.65,28.77,25.1,25.07,28.93,25.05,24.93,25.12,25.19,26.95,25.93,25.78,25.42,26.35,27.24,26.88,26.89,25.96,25.26,24.94,25.29,25.23,26.05,27.28,24.95,25.66,24.93,25.67,26.99,27.59,24.77,26.67,25.72,24.96,27.83,26.8,26.41,25.64,25.41,26.57,26.48,27.89,25.0,25.09,24.67,27.04,26.83,28.52,25.42,25.46,27.09,25.11,25.2,24.99,27.85,27.7,28.32,27.13,26.84,29.41,27.21,24.73,26.0,27.56,25.42,26.49,25.05,25.99,27.07,26.26
2012,7,26,7,25.63,26.07,24.83,25.59,26.69,27.93,26.29,26.27,26.07,25.84,25.64,25.37,26.01,28.36,25.14,25.08,28.32,25.04,25.03,25.16,25.08,26.55,26.11,26.04,25.37,26.17,27.08,26.85,26.0,26.14,25.18,24.99,25.42,25.15,25.91,26.59,24.97,25.54,25.01,25.52,26.07,27.3,24.85,26.12,25.56,25.03,27.08,26.02,26.05,25.5,25.33,26.27,26.01,27.36,25.16,25.05,24.8,26.18,25.88,28.03,25.35,25.37,27.0,25.13,25.2,25.15,27.63,27.3,27.74,26.18,25.89,28.84,26.3,24.85,26.04,27.45,25.22,26.0,25.27,25.73,26.55,26.14
2012,7,26,8,25.41,25.71,24.58,25.17,26.37,27.5,25.91,25.89,25.66,25.4,25.41,24.97,25.61,27.92,24.87,24.73,27.98,24.75,24.79,24.91,24.75,26.19,25.95,25.86,25.1,25.8,26.74,26.59,25.57,25.97,24.77,24.67,25.19,24.79,25.48,26.26,24.7,25.11,24.73,25.1,25.65,26.91,24.59,25.72,25.2,24.76,26.77,25.6,25.64,25.06,24.9,25.85,25.61,27.0,24.96,24.75,24.55,25.81,25.48,27.61,24.99,24.96,26.71,24.77,24.81,24.93,27.23,26.91,27.4,25.84,25.49,28.43,25.94,24.59,25.8,27.1,24.85,25.59,25.07,25.29,26.21,25.83
2012,7,26,9,25.22,25.4,24.41,24.83,26.04,27.1,25.56,25.57,25.28,25.03,25.19,24.63,25.25,27.48,24.64,24.45,27.61,24.53,24.6,24.71,24.5,25.87,25.79,25.67,24.87,25.51,26.47,26.35,25.21,25.78,24.45,24.42,24.97,24.5,25.11,25.92,24.48,24.76,24.51,24.76,25.29,26.57,24.38,25.35,24.93,24.55,26.42,25.24,25.3,24.69,24.56,25.46,25.23,26.63,24.77,24.52,24.35,25.44,25.15,27.19,24.72,24.64,26.45,24.51,24.5,24.73,26.88,26.55,27.02,25.51,25.17,27.99,25.58,24.38,25.58,26.79,24.54,25.24,24.93,24.91,25.89,25.58
2012,7,26,10,25.06,25.09,24.25,24.55,25.69,26.75,25.29,25.29,24.97,24.74,25.01,24.37,24.93,27.07,24.46,24.25,27.23,24.38,24.45,24.55,24.33,25.59,25.68,25.54,24.67,25.24,26.21,26.1,24.89,25.61,24.2,24.22,24.81,24.29,24.81,25.61,24.32,24.48,24.32,24.5,24.95,26.27,24.21,25.0,24.68,24.38,26.07,24.91,25.0,24.41,24.29,25.13,24.92,26.27,24.66,24.36,24.18,25.14,24.84,26.78,24.49,24.39,26.2,24.28,24.27,24.61,26.57,26.21,26.63,25.18,24.88,27.57,25.25,24.22,25.38,26.52,24.31,24.95,24.77,24.61,25.6,25.34
2012,7,26,11,24.86,24.81,24.06,24.29,25.4,26.46,25.03,25.02,24.68,24.46,24.8,24.13,24.63,26.72,24.24,24.05,26.85,24.21,24.24,24.41,24.16,25.33,25.52,25.36,24.45,24.99,25.97,25.88,24.58,25.45,23.98,24.01,24.6,24.09,24.53,25.36,24.13,24.23,24.11,24.25,24.67,26.01,24.0,24.69,24.46,24.18,25.76,24.6,24.72,24.14,24.04,24.83,24.62,25.96,24.47,24.2,23.99,24.87,24.56,26.43,24.27,24.16,25.97,24.05,24.04,24.43,26.32,25.92,26.28,24.9,24.59,27.17,24.98,24.02,25.16,26.28,24.11,24.68,24.57,24.33,25.35,25.1
2012,7,26,12,25.06,25.11,24.56,24.5,25.65,26.46,25.23,25.19,24.91,24.64,24.96,24.4,24.81,26.72,24.46,24.22,26.94,24.4,24.68,24.66,24.46,25.49,25.56,25.44,24.62,25.15,26.03,25.9,24.88,25.56,24.22,24.17,24.86,24.32,24.73,25.56,24.3,24.47,24.32,24.47,24.96,26.1,24.37,24.88,24.67,24.33,25.97,24.85,24.91,24.35,24.27,25.02,24.79,26.09,24.59,24.45,24.39,25.16,24.85,26.5,24.45,24.36,26.0,24.24,24.25,24.62,26.37,26.05,26.4,25.19,24.88,27.14,25.28,24.26,25.24,26.3,24.4,24.87,24.83,24.52,25.52,25.22
2012,7,26,13,26.22,26.64,25.98,26.07,27.08,27.31,26.56,26.51,26.46,26.12,26.34,26.02,26.32,27.57,26.01,25.77,28.01,25.95,26.06,26.33,26.28,26.7,26.73,26.61,26.1,26.47,26.95,26.82,26.56,26.76,25.88,25.72,26.21,25.97,26.29,26.83,25.84,26.07,25.86,26.06,26.65,27.11,25.83,26.44,26.11,25.92,27.29,26.52,26.35,26.09,25.98,26.55,26.29,27.21,26.12,26.11,25.84,26.69,26.43,27.55,25.88,25.9,26.91,25.81,25.81,26.18,27.24,27.14,27.53,26.68,26.43,28.01,26.82,25.8,26.45,27.1,26.13,26.25,26.15,26.06,26.73,26.4
2012,7,26,14,27.58,28.31,27.23,27.41,28.74,28.54,28.15,27.83,28.07,27.68,27.54,27.63,27.9,28.79,27.22,27.16,29.47,27.33,27.29,27.74,27.68,28.16,27.96,27.89,27.38,27.7,28.06,28.03,28.22,27.97,27.38,27.08,27.44,27.37,27.84,28.31,27.17,27.65,27.13,27.42,28.31,28.3,27.0,27.96,27.42,27.25,28.9,28.12,27.82,27.46,27.43,28.14,27.88,28.6,27.6,27.53,27.12,28.33,28.09,28.86,27.16,27.27,28.12,27.14,27.21,27.65,28.36,28.48,28.98,28.36,28.06,29.27,28.48,27.09,27.7,28.24,27.59,27.88,27.54,27.52,28.2,27.65
2012,7,26,15,28.98,30.04,28.7,28.79,30.54,29.8,29.6,29.14,29.62,29.18,28.9,29.1,29.44,30.19,28.65,28.65,31.12,28.77,28.76,29.2,29.17,29.54,29.07,29.06,28.71,29.0,29.26,29.37,29.98,29.24,28.72,28.62,28.86,28.8,29.44,29.83,28.66,29.19,28.67,28.71,30.03,29.48,28.49,29.54,28.71,28.8,30.65,29.78,29.26,28.87,28.8,29.77,29.44,30.06,28.92,28.95,28.63,29.99,29.8,30.27,28.49,28.54,29.44,28.63,28.59,28.99,29.55,29.82,30.57,30.11,29.75,30.71,30.2,28.61,29.07,29.41,29.07,29.36,28.93,29.01,29.62,28.99
2012,7,26,16,29.49,31.78,29.11,30.14,32.27,31.05,31.1,30.34,31.18,30.57,30.12,30.45,30.87,31.46,29.91,29.91,32.67,30.01,29.39,30.47,30.49,30.72,30.13,30.1,30.06,30.29,30.55,30.79,31.76,30.29,29.99,29.89,29.76,30.02,30.94,31.38,29.96,30.64,29.81,30.19,31.75,30.61,29.45,30.95,30.08,30.05,32.33,31.36,30.51,30.35,30.23,31.22,30.81,31.5,30.23,30.2,29.37,31.68,31.53,31.65,29.88,29.98,30.88,30.0,29.93,30.26,30.71,31.04,32.11,31.84,31.49,32.1,31.92,29.64,30.45,30.76,30.38,30.77,29.26,30.37,30.99,30.39
2012,7,26,17,30.46,33.22,30.38,31.18,33.67,32.27,32.33,31.52,32.43,31.76,31.09,31.4,32.13,32.64,31.11,31.14,34.04,31.09,30.58,31.36,31.32,31.9,30.98,31.02,31.22,31.51,31.85,32.07,33.14,31.01,31.06,31.16,30.75,31.11,32.11,32.6,31.14,31.69,31.05,31.14,33.11,31.76,30.66,32.22,31.12,31.23,33.7,32.63,31.7,31.35,31.22,32.51,32.06,32.7,31.28,31.2,30.58,33.01,32.98,32.77,30.99,30.99,32.22,31.26,31.09,31.37,31.9,32.1,33.45,33.26,32.95,33.4,33.27,30.76,31.59,32.06,31.24,31.99,30.37,31.48,32.14,31.64
2012,7,26,18,31.46,34.05,31.49,32.34,34.6,33.38,33.1,32.51,33.37,32.8,31.79,32.66,33.11,33.63,31.8,32.08,34.98,32.02,31.58,32.31,32.69,32.68,31.42,31.45,31.91,32.61,32.85,32.8,34.11,31.47,32.2,31.9,31.63,32.27,33.22,33.37,31.89,32.84,31.76,32.43,34.09,32.73,31.51,33.25,32.17,31.84,34.59,33.65,32.64,32.53,32.37,33.59,33.04,33.54,31.85,32.36,31.57,33.89,33.84,33.69,31.97,32.22,33.09,32.15,32.23,32.1,32.93,32.98,34.31,34.14,33.75,34.35,34.15,31.49,32.19,33.09,32.67,32.97,31.33,32.51,32.85,32.62
2012,7,26,19,31.54,33.99,31.32,32.95,34.33,33.87,33.68,33.25,33.62,33.2,32.28,32.27,33.26,33.94,32.27,32.28,34.7,32.27,31.62,31.83,32.25,33.37,31.74,31.47,32.25,33.2,33.25,33.19,33.74,31.0,32.09,32.28,31.83,32.17,33.14,33.77,32.36,32.6,32.31,32.99,33.98,33.38,31.91,33.05,32.46,32.57,34.38,33.53,33.23,32.88,32.46,33.43,33.27,33.82,32.61,32.24,31.86,34.07,33.64,33.95,32.09,32.42,33.35,32.23,32.24,32.17,33.42,33.48,34.31,33.98,33.53,34.42,34.17,32.29,32.69,33.46,32.17,33.35,31.41,32.88,33.48,32.9
2012,7,26,20,30.7,34.03,31.58,33.04,34.53,34.51,33.88,33.43,33.91,33.28,32.65,32.97,33.54,34.51,32.68,33.01,34.94,32.9,32.05,32.4,32.96,33.57,31.71,31.69,32.71,33.46,33.68,33.55,34.22,31.5,32.84,32.86,32.26,33.0,33.17,33.97,32.88,33.01,32.75,33.02,34.36,33.76,32.24,33.27,32.88,32.95,34.65,33.92,33.43,32.85,32.86,33.43,33.36,34.05,32.76,32.91,32.18,34.42,33.94,34.29,32.68,32.92,33.78,32.85,32.95,32.7,33.93,33.8,34.53,34.13,33.69,34.75,34.43,32.5,33.0,34.0,32.94,33.54,29.93,32.9,33.66,33.36
2012,7,26,21,28.72,34.04,28.84,33.16,34.54,34.61,33.7,33.47,33.75,33.41,30.56,33.07,33.47,34.97,31.47,32.81,35.39,32.7,29.13,32.27,32.72,33.54,31.2,31.62,32.32,33.3,33.51,33.38,34.08,31.38,32.89,32.79,29.54,32.82,33.43,33.96,32.89,33.18,32.68,33.18,34.2,33.86,31.21,33.32,32.65,33.01,34.77,33.76,33.5,33.08,33.03,33.63,33.45,34.27,32.5,32.71,31.53,34.16,33.88,34.78,32.45,32.93,33.73,32.61,32.81,32.69,33.99,34.04,34.96,34.06,33.8,35.37,34.21,32.52,32.15,33.86,32.92,33.52,27.73,33.1,33.58,33.01
2012,7,26,22,28.27,33.93,27.2,32.56,34.19,34.4,33.07,32.84,32.6,32.91,29.52,32.7,32.67,35.02,29.25,31.2,35.13,31.7,28.13,30.43,32.02,33.12,29.38,29.31,29.6,32.78,32.7,30.38,33.52,28.66,32.36,30.03,28.87,32.41,32.98,33.36,30.26,32.74,29.52,32.57,33.48,33.39,28.64,32.46,31.98,29.14,34.28,32.34,32.96,32.59,32.65,33.22,33.01,34.03,29.18,32.55,27.95,33.23,33.74,34.82,31.64,32.51,31.06,31.37,32.32,30.13,33.73,33.93,34.62,33.92,33.6,35.41,33.84,28.41,29.93,32.12,32.7,32.99,27.19,32.6,33.25,31.64
2012,7,26,23,28.04,32.55,26.69,31.09,32.41,32.67,31.69,31.92,31.35,31.72,29.14,31.32,31.94,34.12,28.79,28.35,34.18,28.28,27.59,28.13,30.21,32.37,28.55,28.74,28.82,31.31,31.04,30.22,32.29,28.12,30.79,27.87,28.42,29.97,32.13,32.16,27.34,31.31,28.32,30.9,31.62,32.6,28.04,32.22,29.77,27.19,32.91,31.81,31.87,31.31,30.89,32.72,32.22,33.35,27.91,29.42,27.18,31.41,32.08,34.36,29.56,30.52,30.45,29.36,30.19,28.47,32.35,33.38,33.18,32.09,32.42,34.92,31.89,27.14,29.53,30.72,31.57,31.72,27.06,31.62,32.38,29.7
2012,7,27,0,27.59,31.4,26.28,30.1,31.47,31.33,31.07,30.83,30.71,30.69,28.38,30.11,30.81,32.65,28.06,27.4,33.21,27.31,26.98,27.42,27.22,31.38,27.99,28.25,28.38,30.03,30.12,29.97,31.12,28.04,29.43,27.25,27.75,28.21,30.81,31.34,26.86,30.37,27.57,29.91,30.85,31.29,27.27,31.09,28.86,26.82,31.86,30.83,30.96,30.28,30.0,31.21,30.95,32.42,27.45,27.51,26.55,30.82,30.91,32.97,28.76,29.53,30.13,28.49,28.91,27.87,31.06,32.16,32.6,31.09,31.21,33.25,31.03,26.58,29.03,30.29,28.59,30.92,26.78,30.48,31.55,29.12
2012,7,27,1,26.9,30.01,25.69,28.85,30.6,30.48,30.11,29.53,29.94,29.54,27.53,28.76,29.9,31.41,27.2,26.57,31.33,26.55,26.26,26.91,26.67,30.11,27.3,27.57,27.67,28.88,29.44,29.33,30.02,27.53,28.12,26.45,26.94,27.17,29.65,30.48,26.14,29.27,26.72,28.68,30.04,30.08,26.43,30.02,28.01,26.18,30.97,29.96,29.66,29.1,28.82,30.1,29.87,31.36,26.78,26.83,25.94,30.09,29.93,31.86,27.88,28.4,29.56,27.49,27.76,27.17,30.11,30.82,31.6,30.15,29.87,31.13,30.22,26.03,28.28,29.76,27.36,29.81,26.2,29.35,30.37,28.45
2012,7,27,2,26.31,28.96,25.16,27.89,29.82,29.77,29.25,28.6,29.14,28.6,26.75,27.65,29.05,30.53,26.42,26.03,29.98,26.11,25.61,26.41,26.1,29.17,26.8,27.05,26.92,28.08,28.87,28.61,29.21,27.1,27.12,25.96,26.23,26.42,28.85,29.64,25.82,28.35,26.09,27.72,29.25,29.28,25.74,29.18,27.31,25.8,30.16,29.1,28.69,28.21,27.85,29.26,28.99,30.42,26.26,26.29,25.37,29.31,29.12,30.84,27.14,27.49,28.89,26.72,26.91,26.63,29.42,29.81,30.55,29.33,28.72,30.18,29.47,25.51,27.49,29.18,26.48,28.89,25.73,28.51,29.45,27.8
2012,7,27,3,25.88,28.38,24.78,27.13,29.12,29.23,28.52,27.84,28.51,27.78,26.15,26.85,28.42,29.81,25.76,25.61,29.34,25.77,25.11,26.12,25.9,28.35,26.48,26.62,26.27,27.45,28.36,28.03,28.56,26.76,26.43,25.47,25.68,25.95,28.17,28.89,25.45,27.59,25.52,27.03,28.61,28.65,25.16,28.54,26.71,25.36,29.34,28.48,27.85,27.45,27.1,28.59,28.28,29.51,25.82,25.98,24.93,28.64,28.47,29.94,26.49,26.8,28.31,26.06,26.28,26.15,28.88,28.97,29.71,28.69,28.09,29.75,28.82,25.09,26.88,28.72,26.02,28.1,25.4,27.77,28.6,27.23
2012,7,27,4,25.6,27.96,24.51,26.54,28.45,28.85,27.79,27.28,27.86,27.07,25.78,26.22,27.74,29.27,25.34,25.23,28.74,25.38,24.79,25.81,25.59,27.71,26.33,26.37,25.81,26.98,27.94,27.61,28.1,26.53,25.86,25.11,25.35,25.52,27.48,28.2,25.12,26.89,25.15,26.47,28.1,28.2,24.8,27.86,26.23,25.09,28.6,27.93,27.17,26.8,26.45,27.88,27.55,28.79,25.55,25.57,24.65,28.02,28.01,29.26,25.99,26.23,27.85,25.58,25.76,25.77,28.52,28.38,28.99,28.13,27.8,29.27,28.23,24.84,26.46,28.36,25.65,27.38,25.18,27.07,27.89,26.77
2012,7,27,5,25.45,27.42,24.35,26.07,27.87,28.5,27.26,26.86,27.28,26.51,25.43,25.7,27.14,28.88,24.92,24.88,28.41,25.07,24.58,25.49,25.26,27.28,26.13,26.08,25.36,26.6,27.55,27.21,27.6,26.27,25.38,24.72,25.09,25.18,26.78,27.7,24.81,26.22,24.74,25.96,27.59,27.85,24.46,27.25,25.79,24.74,28.07,27.37,26.67,26.15,25.83,27.23,26.94,28.31,25.23,25.25,24.38,27.49,27.51,28.79,25.52,25.72,27.43,25.12,25.31,25.41,28.19,27.99,28.55,27.61,27.28,28.92,27.73,24.52,26.06,27.99,25.29,26.83,25.07,26.45,27.43,26.35
2012,7,27,6,25.37,27.02,24.29,25.7,27.47,28.19,26.87,26.55,26.83,26.09,25.23,25.31,26.68,28.64,24.62,24.54,28.23,24.75,24.5,25.15,24.95,26.98,26.01,25.87,25.02,26.27,27.21,26.9,27.13,25.99,25.0,24.39,24.98,24.85,26.25,27.31,24.51,25.72,24.43,25.56,27.13,27.56,24.25,26.75,25.43,24.48,27.73,26.89,26.31,25.68,25.38,26.7,26.48,28.0,24.98,24.9,24.23,27.04,27.13,28.53,25.1,25.3,27.09,24.71,24.92,25.08,27.9,27.77,28.26,27.21,26.9,28.71,27.28,24.3,25.79,27.67,24.98,26.43,25.01,25.99,27.12,26.03
2012,7,27,7,25.3,24.6,24.24,25.38,24.73,27.07,26.24,26.1,26.26,25.69,25.22,24.94,26.25,26.34,24.46,24.3,25.27,24.45,24.51,24.72,24.7,26.37,25.79,25.7,24.9,26.0,26.99,26.76,25.46,25.66,24.68,24.14,25.0,24.55,25.7,25.66,24.26,25.24,24.18,25.21,25.49,27.05,24.15,26.24,25.24,24.24,24.99,26.04,25.86,25.25,24.98,26.16,26.03,25.76,24.66,24.64,24.1,25.74,24.88,26.04,24.8,24.93,26.92,24.41,24.61,24.76,27.22,26.5,25.35,24.62,24.78,25.69,25.17,24.08,25.74,27.33,24.72,25.95,24.89,25.58,26.16,25.91
2012,7,27,8,25.17,24.39,24.2,25.1,24.59,26.85,25.72,25.88,25.59,25.35,25.19,24.69,25.67,26.24,24.44,24.15,25.04,24.3,24.48,24.56,24.5,26.07,25.72,25.63,24.83,25.82,26.83,26.6,25.18,25.57,24.44,24.02,24.95,24.37,25.38,25.42,24.13,24.94,24.12,24.94,25.17,26.88,24.13,25.77,25.05,24.14,24.82,25.69,25.56,24.94,24.69,25.81,25.61,25.58,24.53,24.47,24.06,25.27,24.56,25.9,24.62,24.68,26.74,24.26,24.39,24.62,27.05,26.28,25.2,24.48,24.5,25.54,24.93,24.0,25.66,27.15,24.52,25.56,24.79,25.24,25.78,25.75
2012,7,27,9,25.06,23.79,24.17,24.91,23.85,26.58,25.47,25.64,25.27,25.13,25.08,24.46,25.38,25.87,24.36,23.99,24.6,24.16,24.42,24.43,24.31,25.84,25.65,25.55,24.74,25.62,26.63,26.45,24.85,25.53,24.21,23.91,24.84,24.17,25.11,25.13,23.98,24.69,24.05,24.76,24.77,26.63,24.09,25.45,24.92,24.03,24.26,25.24,25.33,24.71,24.46,25.53,25.36,25.25,24.43,24.3,24.02,24.96,24.14,25.6,24.48,24.49,26.59,24.13,24.19,24.51,26.82,26.06,24.84,23.69,24.26,25.27,24.45,23.93,25.55,27.0,24.31,25.33,24.71,25.0,25.57,25.62
2012,7,27,10,24.88,23.48,24.07,24.79,23.6,25.58,25.25,25.47,25.12,24.96,24.94,24.27,25.22,24.7,24.27,23.87,24.18,24.07,24.3,24.35,24.21,25.47,25.56,25.44,24.67,25.59,26.55,26.31,24.61,25.44,24.04,23.81,24.69,24.04,24.9,24.82,23.9,24.49,23.98,24.65,24.58,26.13,24.0,25.27,24.84,23.94,23.86,25.04,25.17,24.54,24.29,25.33,25.21,24.73,24.35,24.2,23.95,24.77,23.81,24.64,24.39,24.36,26.47,24.02,24.05,24.43,26.13,25.11,24.3,23.48,23.83,24.72,24.21,23.84,25.42,26.65,24.16,25.2,24.57,24.84,25.1,25.55
2012,7,27,11,24.75,23.24,24.0,24.49,23.28,25.08,24.67,24.74,24.85,24.36,24.83,24.11,25.0,24.38,24.19,23.75,23.86,23.95,24.21,24.26,24.05,24.47,25.47,25.31,24.6,25.33,26.09,26.04,24.14,25.3,23.9,23.73,24.57,23.89,24.72,23.95,23.8,24.32,23.91,24.56,24.02,25.49,23.92,25.05,24.78,23.86,23.49,24.79,24.26,24.41,24.15,25.11,24.92,23.89,24.27,24.05,23.89,24.18,23.37,24.26,24.31,24.26,26.15,23.92,23.93,24.31,25.59,24.44,23.8,23.11,23.59,24.4,23.53,23.79,25.33,25.89,24.01,24.58,24.47,24.59,24.14,25.48
2012,7,27,12,24.93,23.41,24.39,24.47,23.38,24.91,23.97,24.4,24.58,23.45,24.99,24.4,24.62,24.07,24.41,24.02,23.47,24.2,24.56,24.57,24.36,24.01,25.54,25.4,24.82,24.99,25.51,25.67,24.28,25.41,24.19,23.98,24.81,24.16,24.82,23.82,24.03,24.63,24.16,24.7,24.19,25.23,24.22,24.92,24.96,24.1,23.44,25.0,23.7,24.47,24.44,24.64,23.99,23.71,24.5,24.31,24.23,24.17,23.6,23.92,24.56,24.51,25.6,24.18,24.22,24.58,25.33,24.23,23.66,23.3,23.75,23.93,23.74,24.06,25.46,25.56,24.3,23.5,24.71,23.91,23.73,25.26
2012,7,27,13,26.1,23.78,25.54,24.46,23.82,25.15,23.95,24.6,24.7,23.54,26.05,26.13,24.49,23.97,25.63,25.41,23.67,25.51,25.75,26.12,26.11,24.18,26.49,26.55,25.86,25.07,25.83,26.11,24.77,26.55,25.82,25.19,25.94,25.77,24.85,23.94,25.22,25.98,25.29,24.9,24.58,25.56,25.35,24.65,25.49,25.22,23.85,25.32,23.89,24.68,25.68,24.18,23.69,23.72,25.77,25.93,25.28,24.44,24.04,23.87,25.71,25.72,25.91,25.6,25.76,26.06,25.65,24.39,23.69,23.7,24.18,23.81,24.13,25.12,26.24,25.96,26.01,23.42,25.96,23.94,23.85,25.45
2012,7,27,14,27.16,24.43,26.66,25.06,24.82,25.81,24.55,25.34,25.1,24.21,27.29,27.62,24.81,24.55,26.84,26.81,24.21,26.94,26.85,27.57,27.64,24.98,27.46,27.6,27.15,26.01,26.83,27.23,25.11,27.69,27.24,26.55,27.12,27.24,25.58,24.54,26.66,27.24,26.6,25.74,25.28,26.43,26.56,24.92,26.66,26.63,24.76,25.69,24.57,25.56,26.93,24.44,24.2,24.14,27.1,27.37,26.57,25.06,24.63,24.45,26.9,26.84,27.09,26.88,27.07,27.38,26.45,25.19,24.12,24.63,24.41,24.16,24.95,26.49,27.54,26.64,27.61,24.09,27.02,24.6,24.55,26.76
2012,7,27,15,28.8,26.02,28.12,26.42,26.4,26.83,25.74,26.62,26.37,25.74,28.79,29.02,25.98,25.38,28.4,28.25,25.13,28.11,28.43,28.8,28.89,26.07,28.22,28.5,28.51,27.27,27.97,28.23,26.4,28.67,28.82,27.95,28.72,28.65,27.06,25.52,27.83,28.51,28.0,27.11,26.67,27.51,28.02,25.8,27.94,27.78,26.0,26.76,25.98,27.03,28.37,25.93,25.71,24.83,28.05,28.51,27.82,26.38,26.15,25.14,28.38,28.24,28.15,28.49,28.72,28.45,27.46,26.16,24.85,26.32,25.54,24.77,26.52,27.58,28.83,27.67,28.94,25.55,28.57,26.21,25.44,27.98
2012,7,27,16,30.27,27.31,29.77,27.91,27.33,28.0,26.91,27.52,27.62,27.21,30.26,30.46,27.54,26.98,30.04,29.88,25.66,29.48,30.1,29.74,30.24,26.99,28.88,29.01,29.81,28.33,28.78,29.38,27.66,29.13,30.23,29.68,30.32,30.15,28.72,26.36,29.25,29.92,29.79,28.76,27.76,28.12,29.79,27.42,29.31,29.3,26.45,27.91,27.14,28.56,29.67,27.82,27.43,26.11,29.12,29.82,29.48,27.37,27.36,26.81,29.65,29.63,29.34,30.08,30.1,29.36,28.29,27.27,25.6,27.37,27.19,26.31,27.35,29.17,29.92,28.8,30.51,27.02,30.06,27.66,26.55,29.13
2012,7,27,17,31.41,28.16,30.83,28.87,27.42,28.47,27.49,28.26,28.03,28.12,31.46,31.16,28.21,27.88,31.11,30.83,26.27,30.39,31.17,30.81,31.16,27.72,29.73,29.92,30.79,29.11,29.48,30.5,28.54,30.08,30.85,30.84,31.5,30.89,29.82,26.71,30.28,30.79,31.0,29.81,28.16,28.69,30.92,28.29,30.18,30.59,26.29,28.55,27.97,29.69,30.56,28.81,28.28,26.85,30.23,30.67,30.72,27.69,28.03,27.71,30.5,30.44,30.25,30.97,30.82,30.37,28.75,27.95,26.19,27.74,28.29,27.34,27.52,30.51,31.12,29.27,31.25,27.75,31.1,28.7,27.32,30.05
2012,7,27,18,32.28,28.1,31.52,29.07,27.21,29.15,27.77,28.35,28.71,28.27,32.42,32.56,29.36,28.66,32.02,32.05,27.65,31.39,31.97,31.58,32.22,27.52,30.24,30.44,31.61,29.94,30.17,31.33,29.2,30.68,32.27,31.95,32.42,32.24,30.58,27.5,31.29,31.73,32.0,30.53,28.65,29.19,31.8,29.73,30.91,31.58,27.28,29.56,27.2,30.62,31.75,30.04,29.44,27.61,30.99,31.69,31.54,28.29,27.79,28.43,31.46,31.7,31.0,32.14,32.21,31.08,29.39,28.4,27.31,26.9,28.83,28.33,27.55,31.44,31.95,29.84,32.7,27.33,31.68,29.63,27.6,30.82
2012,7,27,19,32.05,30.88,31.46,30.64,30.63,29.45,32.55,31.36,32.74,31.06,31.35,31.71,32.03,31.64,31.3,31.96,30.45,31.87,31.55,31.62,32.73,31.93,29.35,29.66,31.19,30.99,29.96,31.01,32.18,30.02,31.66,31.64,31.79,32.29,31.01,31.7,31.61,31.38,31.47,30.53,32.4,31.06,31.17,31.13,31.04,31.44,30.78,32.27,31.41,30.56,31.08,30.95,31.5,31.65,30.41,32.2,31.3,32.67,31.17,31.72,31.07,30.96,30.53,31.59,31.53,30.87,29.84,31.8,31.19,30.64,31.17,31.34,31.78,31.12,31.4,28.58,32.54,31.73,31.73,30.61,32.1,31.28
2012,7,27,20,32.28,30.59,31.75,30.48,31.19,28.89,32.35,28.21,32.94,31.12,30.98,31.63,32.23,31.31,31.0,32.07,31.09,31.94,31.86,31.97,32.83,30.55,30.23,30.56,30.02,28.85,28.68,30.03,32.43,30.72,31.75,31.73,31.9,32.07,31.58,31.98,31.68,32.0,31.62,30.88,32.49,28.53,31.39,31.43,31.16,31.49,31.6,32.72,29.58,31.0,31.54,31.48,31.72,31.95,30.91,32.34,31.52,32.81,30.68,32.07,30.82,31.26,29.49,31.6,31.68,31.37,28.84,30.92,31.9,30.8,30.62,31.78,31.91,31.26,30.69,29.08,32.23,31.31,31.76,30.93,31.89,30.18
2012,7,27,21,32.38,30.84,30.04,27.89,31.64,29.04,30.65,27.57,30.49,27.83,31.76,31.37,30.15,30.2,30.63,30.88,31.04,32.04,31.96,31.98,32.53,28.35,30.32,30.9,29.63,27.92,28.99,29.94,31.36,30.94,31.67,31.28,32.21,31.7,31.97,31.97,31.79,32.32,31.68,30.53,31.54,28.42,31.55,30.92,28.8,31.81,31.7,30.33,27.33,31.31,31.98,31.41,29.74,31.4,30.51,32.28,29.69,30.95,30.26,30.42,29.3,30.78,29.45,30.31,30.7,31.62,28.85,28.64,31.69,31.41,28.96,31.77,31.86,30.36,30.66,29.55,31.67,28.27,30.93,30.13,30.18,28.34
2012,7,27,22,32.1,31.25,28.03,27.42,31.63,29.37,27.89,27.78,27.91,27.12,31.89,30.6,27.89,28.94,30.84,30.15,30.39,29.9,30.73,31.39,31.82,27.35,28.35,28.8,29.24,28.27,29.63,29.82,29.06,30.41,29.64,30.66,32.13,29.98,30.98,29.22,29.75,31.85,30.63,28.09,29.98,28.98,30.43,29.04,27.67,29.25,30.58,28.19,27.23,28.99,30.1,29.83,27.83,29.04,27.7,30.55,27.84,29.49,30.76,28.66,28.33,28.43,29.57,29.33,28.87,29.05,29.39,27.8,29.76,31.67,29.3,30.49,31.59,27.73,30.29,29.79,30.89,27.01,29.69,28.03,27.35,28.21
2012,7,27,23,30.23,30.76,27.16,27.34,30.19,29.49,27.03,28.1,27.03,27.18,31.11,27.71,27.3,28.93,29.66,28.75,30.11,27.6,28.29,27.96,28.33,27.43,27.83,27.85,28.12,28.3,29.7,29.64,27.98,28.55,27.3,28.72,30.62,28.34,28.67,27.41,27.19,28.3,28.51,27.3,28.71,29.33,27.7,27.44,27.02,27.16,29.69,27.0,27.54,27.77,27.12,27.82,27.48,27.31,27.34,27.86,27.03,27.5,29.92,28.12,27.74,27.13,29.6,28.99,27.99,27.34,29.66,27.98,28.7,29.77,29.19,29.37,28.79,27.01,29.66,29.78,27.8,27.17,27.86,27.51,26.79,27.94
2012,7,28,0,28.18,29.24,26.91,26.89,29.26,29.17,26.87,27.67,26.9,26.73,28.29,26.62,26.93,28.81,27.89,27.3,29.5,26.95,27.54,27.0,26.9,27.12,27.69,27.62,27.43,27.95,29.36,28.99,27.25,27.85,26.6,27.39,28.35,27.14,27.6,27.12,26.75,26.54,27.53,26.95,27.56,29.1,27.2,26.83,26.7,26.94,29.08,26.72,27.03,27.15,26.68,27.37,26.92,27.19,27.2,26.98,26.96,26.99,28.13,28.02,27.25,26.81,29.3,27.95,27.17,27.17,29.35,27.83,28.26,28.4,28.41,28.78,27.62,26.93,28.31,29.34,27.1,26.87,27.33,26.86,26.63,27.72
2012,7,28,1,27.49,28.14,26.38,26.41,28.16,28.59,26.49,27.16,26.53,26.3,26.56,26.24,26.7,28.39,26.63,27.03,28.52,26.52,27.03,26.7,26.38,26.73,27.27,27.21,26.55,27.37,28.67,28.38,26.72,27.33,26.45,26.91,27.21,26.94,27.1,26.69,26.34,26.1,26.95,26.46,27.05,28.53,26.63,26.76,26.42,26.5,28.01,26.46,26.46,26.66,26.4,27.2,26.61,26.91,26.67,26.55,26.38,26.69,27.52,27.72,26.88,26.48,28.67,27.31,26.91,26.75,28.78,27.51,27.55,27.67,27.55,28.3,27.22,26.38,27.19,28.64,26.72,26.39,26.82,26.54,26.38,27.29
2012,7,28,2,26.91,27.23,25.78,25.86,27.21,27.92,26.03,26.52,26.08,25.78,26.32,25.99,26.2,27.77,26.43,26.41,27.54,25.96,26.43,26.2,25.91,26.29,26.76,26.73,26.12,26.75,28.02,27.59,26.26,26.91,26.17,26.29,26.8,26.37,26.59,26.21,25.82,25.91,26.36,26.0,26.53,27.81,26.11,26.34,26.15,25.95,27.09,26.11,25.92,26.17,26.08,26.71,26.13,26.48,26.02,26.02,25.75,26.22,26.75,27.2,26.49,26.11,28.01,26.75,26.44,26.16,28.09,26.99,26.87,26.86,26.79,27.71,26.62,25.76,26.23,28.01,26.27,25.85,26.3,26.05,26.02,26.83
2012,7,28,3,26.47,26.48,25.29,25.46,26.44,27.37,25.64,26.1,25.64,25.4,25.98,25.67,25.8,27.23,26.04,25.92,26.8,25.53,25.94,25.85,25.6,25.99,26.42,26.38,25.82,26.32,27.56,26.67,25.89,26.56,25.81,25.83,26.34,25.85,26.22,25.76,25.4,25.69,25.89,25.62,26.03,27.25,25.67,26.03,25.94,25.51,26.36,25.76,25.54,25.73,25.72,26.36,25.79,26.07,25.57,25.6,25.26,25.71,26.17,26.73,26.2,25.79,27.21,26.34,26.08,25.73,27.53,26.58,26.31,26.19,26.21,27.16,26.04,25.29,25.66,27.56,25.79,25.49,25.89,25.65,25.74,26.46
2012,7,28,4,26.2,25.83,24.98,25.09,25.83,26.77,25.35,25.76,25.28,25.04,25.64,25.27,25.41,26.75,25.45,25.47,26.27,25.17,25.55,25.5,25.24,25.76,26.2,26.14,25.51,25.95,27.06,26.18,25.53,26.28,25.45,25.38,25.92,25.4,25.82,25.42,25.03,25.33,25.46,25.22,25.6,26.69,25.25,25.57,25.65,25.12,25.8,25.4,25.25,25.3,25.32,25.87,25.36,25.75,25.2,25.26,24.9,25.3,25.66,26.31,25.87,25.46,26.6,25.89,25.73,25.39,26.94,26.19,25.9,25.62,25.68,26.7,25.56,24.91,25.57,26.97,25.34,25.18,25.66,25.21,25.54,26.1
2012,7,28,5,26.0,25.3,24.81,24.75,25.31,26.29,25.14,25.46,24.98,24.74,25.38,25.01,25.08,26.32,25.2,25.12,25.87,24.87,25.3,25.22,24.93,25.54,26.04,25.92,25.31,25.63,26.62,25.82,25.17,26.04,25.16,25.05,25.66,25.05,25.33,25.16,24.74,24.95,25.15,24.85,25.18,26.2,24.97,25.22,25.38,24.81,25.36,25.08,24.98,24.83,24.96,25.43,25.03,25.51,24.93,24.95,24.68,24.96,25.2,25.96,25.58,25.17,26.17,25.56,25.42,25.1,26.46,25.82,25.6,25.14,25.21,26.33,25.13,24.63,25.35,26.55,25.02,24.91,25.52,24.81,25.39,25.78
2012,7,28,6,25.78,24.82,24.64,24.51,24.88,25.9,24.97,25.17,24.75,24.45,25.12,24.81,24.79,25.9,24.91,24.85,25.55,24.63,25.06,24.98,24.68,25.36,25.96,25.79,25.06,25.37,26.22,25.57,24.8,25.83,24.92,24.79,25.37,24.77,24.93,24.98,24.49,24.68,24.88,24.7,24.82,25.76,24.71,24.89,25.21,24.57,24.99,24.79,24.72,24.53,24.74,25.01,24.69,25.29,24.75,24.69,24.48,24.7,24.77,25.6,25.38,25.02,25.85,25.25,25.17,24.87,26.03,25.46,25.31,24.71,24.78,25.99,24.76,24.4,25.15,26.18,24.76,24.65,25.39,24.48,25.28,25.53
2012,7,28,7,25.64,24.19,24.44,23.88,24.29,25.27,24.04,24.34,23.96,23.68,25.65,24.84,23.88,25.11,25.07,24.66,24.91,24.38,24.87,24.86,24.77,24.33,25.65,25.41,25.16,24.75,25.64,25.96,24.0,25.69,24.78,24.6,25.39,24.74,24.37,24.32,24.25,24.73,24.73,24.27,24.17,25.03,24.61,23.87,24.86,24.39,24.38,23.9,23.87,24.24,24.63,24.06,23.84,24.56,24.42,24.56,24.32,24.1,24.04,24.8,25.09,24.69,25.83,24.99,24.87,24.49,25.35,24.62,24.66,24.13,23.94,25.3,24.17,24.24,25.71,25.72,24.81,23.76,25.18,23.86,24.33,25.16
2012,7,28,8,25.44,23.84,24.36,23.62,23.91,25.06,23.73,24.04,23.67,23.46,25.47,24.81,23.6,24.84,24.74,24.68,24.57,24.29,24.72,24.6,24.52,24.04,25.61,25.35,24.86,24.51,25.43,25.8,23.72,25.51,24.79,24.63,25.2,24.7,24.13,24.0,24.23,24.62,24.72,24.09,23.81,24.82,24.55,23.56,24.7,24.43,24.01,23.59,23.61,24.04,24.57,23.77,23.57,24.21,24.38,24.39,24.31,23.75,23.72,24.46,24.97,24.65,25.65,24.9,24.89,24.32,25.14,24.34,24.31,23.77,23.65,24.97,23.8,24.28,25.56,25.51,24.68,23.52,25.02,23.62,24.01,25.0
2012,7,28,9,25.34,23.56,24.36,23.5,23.59,24.86,23.49,23.93,23.41,23.3,25.37,24.67,23.35,24.6,24.29,24.77,24.29,24.36,24.68,24.44,24.35,23.87,25.54,25.25,24.51,24.39,25.27,25.61,23.46,25.39,24.72,24.74,25.14,24.73,23.82,23.72,24.34,24.38,24.8,23.94,23.49,24.71,24.56,23.26,24.6,24.55,23.7,23.31,23.49,23.8,24.41,23.47,23.34,23.9,24.41,24.35,24.38,23.45,23.46,24.15,24.8,24.57,25.46,24.8,24.88,24.3,24.99,24.1,24.01,23.46,23.43,24.68,23.5,24.38,25.45,25.31,24.55,23.34,24.93,23.4,23.75,24.88
2012,7,28,10,25.29,23.35,24.3,23.47,23.3,24.7,23.32,23.86,23.2,23.21,25.24,24.56,23.16,24.42,23.99,24.67,24.05,24.53,24.65,24.36,24.28,23.77,25.43,25.22,24.36,24.31,25.12,25.44,23.3,25.3,24.5,24.72,25.09,24.7,23.71,23.49,24.5,24.27,24.75,23.86,23.24,24.58,24.44,23.04,24.45,24.67,23.42,23.09,23.42,23.7,24.28,23.32,23.19,23.68,24.49,24.43,24.38,23.2,23.28,23.93,24.56,24.45,25.28,24.38,24.56,24.35,24.84,23.94,23.79,23.19,23.34,24.46,23.23,24.46,25.33,25.14,24.47,23.23,24.86,23.31,23.6,24.73
2012,7,28,11,25.22,23.13,24.2,23.38,23.03,24.54,23.18,23.76,23.01,23.11,25.09,24.44,23.01,24.31,23.85,24.42,23.85,24.64,24.57,24.26,24.2,23.67,25.41,25.18,24.18,24.19,24.93,25.29,23.12,25.15,24.37,24.42,24.97,24.68,23.51,23.31,24.59,24.08,24.41,23.76,22.99,24.39,24.22,22.88,24.31,24.71,23.17,22.9,23.32,23.56,24.18,23.18,23.08,23.52,24.53,24.47,24.33,22.96,23.06,23.79,24.46,24.35,25.1,24.1,24.36,24.38,24.67,23.81,23.58,22.99,23.09,24.3,22.98,24.48,25.22,24.93,24.41,23.1,24.77,23.2,23.49,24.58
2012,7,28,12,25.11,23.39,24.12,23.68,23.33,24.67,23.45,23.96,23.22,23.42,24.85,24.59,23.21,24.54,23.75,24.28,24.18,24.81,24.44,24.59,24.57,23.9,25.59,25.4,24.22,24.34,25.01,25.35,23.38,25.39,24.46,24.11,24.75,24.75,23.83,23.55,24.67,24.32,24.14,24.07,23.17,24.52,24.01,23.14,24.47,24.63,23.51,23.22,23.58,23.91,24.41,23.42,23.34,23.79,24.75,24.74,24.17,23.1,23.19,24.08,24.51,24.53,25.16,23.97,24.38,24.66,24.8,24.03,23.91,23.18,23.48,24.56,23.11,24.36,25.25,24.98,24.64,23.39,24.71,23.54,23.74,24.7
2012,7,28,13,25.37,25.36,24.44,25.44,25.39,26.51,25.02,25.7,25.04,25.12,25.19,25.89,24.95,26.22,24.07,24.8,26.07,25.72,24.54,25.95,25.97,25.45,26.41,26.37,24.98,25.92,26.63,26.61,24.91,26.42,25.51,24.32,24.89,25.62,25.37,25.32,25.31,25.88,24.19,25.77,25.36,26.44,24.04,24.76,25.75,24.9,25.52,24.72,25.38,25.8,25.9,24.99,24.97,25.62,25.65,25.93,24.34,25.43,25.27,25.97,25.21,25.74,26.59,24.41,25.14,25.87,26.58,25.89,25.76,25.23,25.26,26.31,25.52,24.51,26.06,26.68,25.84,25.09,25.17,25.23,25.3,25.98
2012,7,28,14,26.5,27.25,25.38,27.19,27.64,28.36,26.82,27.52,26.75,26.9,26.48,27.55,26.43,28.08,25.38,26.15,28.06,27.14,25.47,27.49,27.55,27.23,27.47,27.55,26.52,27.62,28.16,28.08,26.43,27.59,27.05,25.44,25.98,27.11,27.14,27.35,26.5,27.62,25.16,27.51,26.93,28.03,24.93,26.17,27.32,25.78,27.76,26.19,27.24,27.59,27.61,26.65,26.58,27.62,26.93,27.44,25.17,27.19,26.92,27.89,26.74,27.37,28.1,25.88,26.71,27.29,28.22,27.71,27.84,27.29,26.88,28.13,27.38,25.31,27.44,28.32,27.41,26.8,26.26,26.95,27.13,27.55
2012,7,28,15,28.12,29.29,27.0,28.93,29.85,30.09,28.57,29.12,28.56,28.75,28.0,29.15,28.22,29.84,26.93,27.43,30.03,28.36,27.13,28.9,28.94,28.82,28.49,28.62,28.12,29.28,29.74,29.73,28.45,28.72,28.62,26.52,27.58,28.52,28.66,29.36,27.6,29.16,26.16,29.12,28.91,29.54,26.27,27.55,28.92,26.63,29.94,27.82,28.98,29.14,29.2,28.04,28.32,29.5,28.13,28.69,26.47,29.25,28.93,29.67,28.19,28.87,29.8,27.21,28.16,28.63,29.75,29.36,29.85,29.39,28.88,29.95,29.54,26.25,28.91,30.03,28.98,28.6,27.89,28.61,28.85,29.22
2012,7,28,16,29.62,31.08,28.44,30.38,31.78,31.61,30.51,30.6,30.34,30.09,29.67,30.12,29.67,31.41,28.68,28.85,31.78,29.47,28.67,29.87,29.86,30.5,29.58,29.72,29.78,30.68,31.05,31.38,30.52,29.76,29.72,28.18,29.26,29.56,29.34,31.22,28.99,30.0,27.86,30.44,30.91,30.83,27.83,28.98,30.3,28.27,31.88,29.73,30.54,29.95,30.14,29.09,29.58,31.23,29.4,29.65,27.99,31.2,30.83,31.25,29.66,30.13,31.33,28.93,29.48,29.71,31.07,30.82,31.68,31.29,30.71,31.58,31.57,27.86,30.64,31.48,29.98,30.16,29.23,29.51,30.62,30.71
2012,7,28,17,30.9,32.2,29.72,31.74,33.1,32.99,32.19,32.0,31.92,31.5,31.21,31.31,31.06,32.82,30.18,30.0,33.3,30.34,30.08,30.39,30.42,31.99,30.37,30.31,31.16,32.0,32.27,32.74,32.29,30.34,31.01,29.23,30.81,30.68,30.74,32.86,29.73,31.12,29.01,31.7,32.6,32.06,29.18,30.54,31.54,29.05,33.39,31.34,32.08,31.33,31.42,30.62,30.91,32.73,30.17,30.49,29.11,32.87,32.38,32.64,30.9,31.36,32.64,30.28,30.78,30.41,32.29,32.14,33.28,32.61,32.07,33.07,33.21,28.75,32.04,32.77,30.87,31.72,30.3,30.85,32.16,32.0
2012,7,28,18,31.96,32.62,30.67,32.97,33.93,34.17,33.55,33.15,33.28,32.94,32.12,32.51,32.53,34.0,31.21,31.2,34.64,31.09,31.27,31.12,31.38,33.22,30.84,30.76,32.08,33.12,33.34,33.85,33.34,30.76,32.16,30.47,31.91,31.64,32.05,33.95,30.61,32.31,30.35,32.83,33.47,33.11,30.43,32.04,32.59,30.07,34.48,32.73,33.38,32.44,32.5,32.11,32.41,33.91,30.91,31.25,30.22,33.9,32.86,33.76,31.95,32.47,33.74,31.5,32.12,31.04,33.32,33.22,34.49,33.08,32.72,34.34,33.86,29.84,33.01,33.88,31.99,33.19,31.11,32.19,33.39,33.05
2012,7,28,19,31.61,32.69,29.04,33.48,33.83,35.17,33.67,33.6,33.59,33.62,32.78,33.01,33.2,34.89,32.02,31.78,35.4,28.73,30.83,31.66,32.14,33.5,29.72,31.07,32.7,33.7,34.07,34.6,33.4,30.92,32.85,30.9,32.14,32.06,33.21,34.03,28.45,33.2,30.14,33.45,33.73,33.85,30.07,32.83,33.02,28.31,34.71,33.18,33.65,33.32,33.25,33.23,33.25,34.4,28.0,30.22,27.94,33.91,33.1,34.48,32.52,33.0,34.46,32.32,32.72,30.5,34.21,33.86,35.1,33.34,32.38,35.18,33.97,27.3,33.68,34.78,32.83,33.6,30.13,33.08,33.64,33.59
2012,7,28,20,32.49,32.67,30.11,34.02,33.68,35.56,34.17,34.14,33.75,34.16,33.31,33.52,33.53,35.43,32.67,31.88,35.72,27.93,31.77,30.92,31.43,34.23,27.09,27.88,33.26,34.17,34.62,35.15,33.3,30.47,33.34,31.19,32.84,32.0,34.02,34.32,28.04,33.79,30.84,33.98,33.46,34.42,30.87,33.39,33.52,28.45,34.72,33.32,34.2,33.93,33.78,34.05,33.81,34.73,26.87,28.63,28.69,33.84,32.97,34.98,33.17,33.59,35.06,33.13,33.36,27.65,34.72,34.44,35.36,32.98,32.48,35.91,33.46,27.83,34.18,35.4,33.18,34.12,31.18,33.8,34.38,34.18
2012,7,28,21,33.03,32.95,30.55,34.13,34.49,35.84,34.33,34.17,34.19,34.36,33.42,33.61,34.04,35.74,32.8,32.03,36.15,28.5,32.08,28.52,29.73,34.17,26.82,26.92,33.31,34.25,34.86,35.32,33.62,27.95,33.35,31.51,33.11,31.87,34.28,34.62,28.82,33.91,31.39,34.11,33.86,34.59,31.33,33.76,33.63,29.21,35.5,33.72,34.25,34.12,33.78,34.4,34.22,34.93,27.11,28.7,29.72,34.32,33.29,35.22,33.33,33.67,35.27,33.3,33.44,27.09,34.93,34.44,35.93,33.41,32.89,36.34,34.18,28.9,34.19,35.67,32.6,34.3,31.63,34.09,34.17,34.26
2012,7,28,22,33.02,31.15,30.21,33.91,34.58,35.69,32.37,33.91,33.6,34.03,33.45,33.46,33.74,35.77,32.82,31.03,35.87,28.55,32.04,27.26,29.27,33.37,26.87,26.58,33.43,34.2,34.89,35.49,32.61,27.04,33.11,31.07,33.08,31.25,34.34,32.89,28.79,33.88,31.36,34.04,33.35,34.5,31.33,33.63,33.62,29.28,35.47,33.37,33.73,34.14,33.74,34.29,33.94,34.62,27.24,28.65,29.67,32.84,30.74,35.43,33.32,33.5,35.44,33.16,33.14,26.65,34.83,34.17,35.87,32.79,30.05,36.22,33.66,29.05,34.32,35.56,31.27,33.86,31.06,33.95,31.78,34.36
2012,7,28,23,32.05,31.13,27.74,32.7,34.16,35.34,29.61,31.97,31.44,32.91,32.73,32.11,32.8,35.48,31.93,29.37,35.16,28.31,29.99,26.98,28.77,30.96,27.11,26.56,32.98,33.07,34.47,35.08,31.97,26.74,31.39,29.5,32.27,29.98,33.78,31.87,28.42,33.45,29.89,33.31,31.91,33.56,29.21,32.82,33.03,28.87,34.91,32.76,31.75,33.47,33.27,33.64,33.16,33.93,27.3,28.19,28.23,30.59,30.55,35.0,32.83,33.03,35.06,31.77,31.22,26.66,34.44,33.11,35.31,32.45,29.87,35.59,32.24,28.68,33.85,34.99,30.46,31.86,29.04,33.14,30.15,33.77
2012,7,29,0,29.75,30.59,27.1,31.44,32.84,34.11,28.93,30.91,30.14,31.32,30.65,29.98,30.85,34.26,30.26,28.75,33.64,27.57,27.8,26.74,28.02,30.28,27.14,26.84,31.3,31.63,33.65,33.74,30.88,26.78,29.63,28.9,29.41,28.83,31.23,30.81,27.73,31.05,29.05,32.17,30.86,32.93,28.15,30.88,31.53,28.22,33.42,31.3,30.56,31.63,31.42,31.8,30.89,32.18,27.03,27.59,27.66,30.05,29.94,33.77,31.55,31.68,34.26,30.63,30.03,26.57,33.71,32.44,33.48,31.47,29.49,34.28,31.27,27.94,32.31,33.74,29.19,30.35,27.85,31.2,29.69,32.45
2012,7,29,1,28.39,29.32,26.39,30.38,30.81,32.43,28.21,30.09,29.05,30.05,29.35,28.99,29.63,32.58,28.6,27.88,31.54,26.8,26.99,26.19,27.08,29.51,26.75,26.61,30.09,30.67,32.15,32.73,29.48,26.53,28.67,27.82,28.22,27.98,29.78,29.43,26.91,29.7,27.78,30.69,29.49,31.65,27.02,29.87,30.39,27.25,31.22,29.99,29.69,30.21,30.07,30.94,29.88,30.74,26.42,26.77,26.71,29.03,28.8,32.22,30.18,30.21,33.14,29.12,28.98,26.08,32.25,31.19,31.38,29.78,28.5,32.47,29.73,26.96,31.11,32.82,28.27,29.12,27.11,29.86,28.86,31.35
2012,7,29,2,27.41,28.11,25.58,29.26,29.05,30.6,27.57,29.19,28.14,28.89,28.08,28.1,28.78,31.04,27.33,27.07,30.06,26.13,26.14,25.69,26.42,28.64,26.33,26.22,28.82,29.72,30.97,31.33,28.53,26.19,27.79,26.92,27.16,27.21,28.97,28.34,26.2,28.7,26.81,29.39,28.63,30.33,26.14,29.18,29.31,26.45,29.49,28.93,28.72,29.16,28.74,29.58,29.01,29.53,25.84,26.13,25.87,28.18,27.93,30.53,28.85,28.89,31.63,27.88,27.98,25.59,30.7,29.78,29.98,28.42,27.55,31.17,28.57,26.11,29.77,31.22,27.51,28.23,26.37,29.03,28.04,30.19
2012,7,29,3,26.89,27.31,25.12,28.53,27.96,29.44,27.17,28.58,27.72,28.28,27.17,27.27,28.21,29.86,26.44,26.41,28.91,25.7,25.59,25.34,25.86,28.15,26.09,26.02,27.82,29.01,29.97,30.3,27.98,26.03,27.0,26.22,26.49,26.54,28.31,27.65,25.7,27.84,26.06,28.51,28.33,29.32,25.47,28.55,28.58,25.81,28.3,28.43,28.27,28.3,27.83,29.14,28.33,28.44,25.45,25.69,25.25,27.66,27.32,29.05,27.94,27.98,30.51,27.02,27.18,25.32,29.52,28.83,28.78,27.78,27.0,30.07,27.8,25.44,28.73,29.99,26.74,27.97,25.99,28.37,27.56,29.41
2012,7,29,4,26.35,26.45,24.65,27.85,27.37,28.75,26.63,27.95,27.09,27.79,26.56,26.61,27.58,29.01,25.75,25.79,27.99,25.27,25.09,24.99,25.39,27.62,25.97,25.87,26.95,28.39,29.13,29.46,27.49,25.82,26.37,25.59,25.97,25.93,27.55,27.12,25.25,27.15,25.43,27.84,27.68,28.66,24.92,27.93,27.8,25.31,27.42,27.78,27.59,27.49,27.1,28.15,27.75,27.63,25.18,25.25,24.74,27.21,27.03,28.16,27.06,27.24,29.59,26.21,26.48,25.08,28.84,28.05,27.85,27.09,26.49,29.13,27.77,24.95,27.93,29.26,26.12,27.4,25.53,27.68,26.97,28.65
2012,7,29,5,25.96,25.86,24.33,27.35,26.63,27.75,26.24,27.38,26.56,27.19,26.09,26.09,26.99,28.23,25.22,25.28,27.15,24.89,24.73,24.78,25.09,26.96,25.74,25.63,26.26,27.86,28.53,28.72,26.75,25.63,25.85,25.05,25.58,25.45,26.95,26.77,24.82,26.6,24.91,27.22,26.81,28.41,24.49,27.36,27.08,24.83,26.65,27.13,26.98,26.87,26.53,27.65,27.13,26.99,24.81,24.94,24.34,26.47,26.08,27.49,26.36,26.61,28.86,25.57,25.9,24.78,28.53,27.02,27.02,26.48,25.55,28.19,26.72,24.49,27.28,28.92,25.65,26.76,25.2,27.08,26.56,27.96
2012,7,29,6,25.64,24.93,24.09,26.85,25.57,27.03,25.84,26.98,26.01,26.53,25.72,25.65,26.51,27.49,24.81,24.86,26.38,24.6,24.44,24.56,24.75,26.44,25.52,25.42,25.74,27.41,28.08,28.13,26.03,25.44,25.4,24.62,25.26,25.06,26.46,26.18,24.49,26.11,24.48,26.54,25.96,27.45,24.14,26.89,26.45,24.45,25.9,26.5,26.41,26.26,25.99,27.0,26.63,26.43,24.51,24.65,24.04,25.65,25.34,26.81,25.77,26.02,28.3,25.06,25.41,24.55,27.44,26.44,26.3,25.19,25.15,27.31,25.66,24.12,26.78,28.12,25.23,26.2,24.95,26.49,26.21,27.36
2012,7,29,7,25.82,24.11,24.41,26.68,24.38,26.48,25.74,26.65,25.69,26.4,25.88,25.38,26.14,26.28,24.98,24.7,25.12,24.62,24.75,24.7,24.7,26.36,25.73,25.67,25.79,27.37,28.25,27.87,25.32,25.69,25.12,24.54,25.48,24.87,25.94,25.48,24.51,25.77,24.55,26.3,25.31,26.75,24.39,26.34,26.39,24.52,24.75,25.92,26.47,25.85,25.61,26.36,26.34,25.59,24.74,24.65,24.33,25.13,24.7,25.78,25.6,25.69,28.02,24.93,25.13,24.74,26.69,25.92,25.24,24.21,24.37,25.92,24.88,24.34,26.73,27.45,25.02,26.2,25.22,26.13,25.88,27.25
2012,7,29,8,25.63,23.46,24.22,26.13,23.73,26.01,25.31,26.13,25.26,25.87,25.72,25.04,25.74,25.58,24.82,24.41,24.42,24.41,24.61,24.49,24.48,26.0,25.5,25.45,25.55,26.93,27.77,27.44,24.79,25.46,24.79,24.29,25.33,24.59,25.55,25.0,24.29,25.4,24.35,25.8,24.76,26.32,24.25,25.98,25.98,24.3,24.15,25.51,26.0,25.36,25.21,26.03,25.92,25.17,24.52,24.44,24.12,24.6,24.07,25.16,25.26,25.27,27.57,24.64,24.79,24.54,26.29,25.5,24.71,23.55,23.76,25.03,24.24,24.13,26.47,27.07,24.74,25.73,25.07,25.68,25.53,26.85
2012,7,29,9,25.46,22.89,24.07,25.69,23.18,25.46,24.88,25.85,24.8,25.63,25.6,24.76,25.42,24.8,24.7,24.17,23.8,24.2,24.51,24.28,24.28,25.75,25.24,25.19,25.31,26.38,27.25,27.07,24.29,25.18,24.51,24.08,25.2,24.34,25.29,24.58,24.08,25.11,24.18,25.41,24.16,25.97,24.14,25.74,25.61,24.1,23.6,25.11,25.75,25.03,24.9,25.8,25.69,24.8,24.28,24.24,23.95,24.03,23.52,24.49,24.97,24.95,27.14,24.41,24.5,24.32,25.97,25.16,24.22,23.0,23.31,24.14,23.63,23.93,26.23,26.69,24.48,25.46,24.94,25.41,25.26,26.47
2012,7,29,10,25.3,22.44,23.89,25.19,22.69,24.84,24.44,25.43,24.27,25.28,25.41,24.55,24.99,24.14,24.54,23.99,23.3,24.02,24.35,24.09,24.12,25.44,25.05,24.99,25.12,25.86,26.68,26.77,23.82,24.96,24.28,23.93,25.03,24.13,25.1,24.12,23.91,24.91,24.04,25.08,23.57,25.52,23.98,25.35,25.35,23.94,23.11,24.64,25.33,24.77,24.66,25.55,25.27,24.47,24.1,24.07,23.77,23.41,23.03,23.87,24.78,24.72,26.8,24.23,24.29,24.15,25.61,24.83,23.81,22.49,22.93,23.46,23.03,23.77,26.02,26.43,24.27,25.11,24.79,25.27,24.98,26.18
2012,7,29,11,25.16,21.99,23.76,24.86,22.25,24.44,23.94,25.18,23.68,24.75,25.24,24.36,24.46,23.68,24.4,23.84,22.82,23.83,24.22,23.9,23.94,25.15,24.91,24.83,24.91,25.57,26.17,26.47,23.4,24.73,24.11,23.78,24.88,23.95,24.81,23.65,23.74,24.69,23.92,24.81,23.1,25.22,23.87,25.02,25.12,23.79,22.68,24.17,25.02,24.5,24.47,25.51,25.34,24.16,23.91,23.88,23.62,22.91,22.56,23.38,24.63,24.58,26.46,24.09,24.14,23.94,25.28,24.55,23.39,21.98,22.56,23.0,22.51,23.62,25.79,26.22,24.08,24.7,24.65,24.68,24.67,25.88
2012,7,29,12,25.24,22.04,23.98,24.86,22.39,24.51,23.8,25.12,23.68,24.66,25.36,24.69,24.61,23.83,24.57,24.04,22.91,24.01,24.43,24.11,24.19,25.05,24.79,24.88,25.06,25.55,26.18,26.38,23.42,24.87,24.41,23.92,25.03,24.19,25.15,23.56,23.87,25.06,24.01,24.97,23.17,25.39,24.04,25.22,25.25,23.87,22.76,24.14,24.86,24.76,24.78,25.47,25.18,24.1,23.98,24.08,23.82,23.06,22.57,23.6,24.83,24.8,26.39,24.29,24.41,24.06,25.42,24.66,23.34,22.06,22.55,23.19,22.68,23.76,25.85,26.12,24.39,24.52,24.71,24.72,24.57,25.89
2012,7,29,13,26.58,24.65,25.42,26.83,25.09,27.17,26.42,27.06,26.39,26.73,26.77,26.62,26.71,26.71,26.36,26.12,25.62,25.88,25.96,26.0,26.15,26.9,25.94,25.99,26.73,27.28,28.07,27.81,25.8,26.29,26.4,26.02,26.5,26.18,27.15,25.92,25.74,26.88,26.08,26.84,25.8,27.62,25.8,27.01,26.95,25.88,25.33,26.51,26.92,26.88,26.7,27.5,26.94,26.37,25.6,25.99,25.5,25.92,25.02,26.75,26.67,26.69,27.96,26.46,26.47,25.68,27.61,26.97,25.72,24.78,24.91,26.33,25.47,25.57,27.2,28.03,26.35,26.64,25.99,26.96,26.5,27.28
2012,7,29,14,28.14,27.38,27.19,28.72,28.16,29.12,28.46,28.96,28.48,28.68,28.45,28.86,28.52,28.81,28.35,28.48,28.66,27.87,27.76,27.72,28.31,28.71,27.26,27.3,28.49,28.98,29.42,29.31,28.24,27.62,28.65,28.4,28.25,28.47,29.22,28.45,27.84,29.06,28.35,28.85,28.22,29.29,27.88,28.71,28.69,28.01,28.47,28.54,28.9,28.97,28.95,29.28,28.69,28.8,27.39,28.01,27.44,28.42,27.55,29.0,28.66,28.82,29.41,28.75,28.78,27.38,29.27,28.93,28.69,27.61,27.4,28.8,28.23,27.6,28.8,29.58,28.62,28.61,27.57,28.77,28.47,28.89
2012,7,29,15,29.95,29.59,28.83,30.54,30.53,31.02,30.32,30.73,30.34,30.49,30.36,30.93,30.24,30.73,30.42,30.63,31.02,29.96,29.75,29.63,30.42,30.43,28.67,28.74,30.37,30.72,30.94,30.97,30.28,29.11,30.7,30.56,30.21,30.59,30.97,30.53,29.98,30.97,30.49,30.64,30.34,30.91,29.96,30.35,30.42,30.13,30.89,30.39,30.66,30.7,30.84,30.9,30.38,30.78,29.19,30.07,29.32,30.54,29.69,30.92,30.52,30.67,31.03,30.88,30.83,29.19,30.92,30.64,31.03,29.89,29.48,30.94,30.53,29.61,30.6,31.21,30.74,30.37,29.27,30.4,30.25,30.59
2012,7,29,16,31.73,31.22,30.9,32.13,31.96,32.54,31.89,32.18,31.96,32.03,32.14,32.34,31.76,32.14,32.01,32.06,32.35,31.54,31.53,31.34,32.01,31.83,29.93,30.18,31.95,32.3,32.44,32.62,31.88,30.51,32.15,31.94,32.01,32.15,32.12,32.11,31.46,32.18,31.93,32.11,31.99,32.29,31.55,31.76,31.95,31.51,32.28,31.98,32.12,31.95,32.17,32.14,31.82,32.21,30.66,31.7,31.07,32.19,31.3,32.24,31.92,32.03,32.62,32.33,32.27,30.94,32.3,31.98,32.48,31.46,31.06,32.35,32.13,31.06,32.32,32.68,32.31,31.86,31.2,31.74,31.73,32.17
2012,7,29,17,33.2,32.44,32.18,33.33,33.33,33.74,33.25,33.28,33.24,33.16,33.48,33.36,32.97,33.33,32.95,32.85,33.71,32.34,32.9,32.29,32.93,33.05,30.97,31.18,33.16,33.52,33.65,34.05,33.09,31.36,33.09,32.8,33.39,32.92,33.55,33.51,32.33,33.48,32.82,33.57,33.27,33.39,32.6,32.94,33.32,32.51,33.67,33.23,33.21,33.45,33.48,33.36,32.96,33.53,31.75,32.49,32.29,33.54,32.57,33.43,32.96,33.27,33.98,33.12,33.14,31.96,33.4,33.16,33.81,32.77,32.23,33.62,33.49,32.21,33.77,33.87,33.26,33.05,32.51,33.0,33.1,33.58
2012,7,29,18,34.46,33.52,33.15,34.24,34.24,34.6,34.32,34.06,34.28,34.02,34.79,34.59,33.91,34.28,34.09,33.95,34.57,33.5,33.95,33.21,34.04,33.96,32.01,32.17,34.33,34.42,34.6,35.24,34.15,32.11,34.3,33.88,34.63,34.06,34.61,34.57,33.53,34.75,33.83,34.71,34.34,34.2,33.57,33.83,34.42,33.64,34.48,34.26,34.01,34.6,34.74,34.22,33.8,34.55,33.03,33.61,33.22,34.64,33.63,34.4,34.07,34.46,35.09,34.19,34.28,33.11,34.23,34.05,34.75,33.81,33.21,34.69,34.56,33.26,35.08,34.82,34.43,33.96,33.71,33.9,34.15,34.71
2012,7,29,19,34.68,33.13,33.17,35.0,33.89,34.79,34.33,34.48,34.36,34.63,35.33,34.9,34.11,34.46,34.78,34.56,34.4,33.57,34.14,33.33,34.58,34.13,31.55,31.7,34.99,34.97,35.0,35.88,34.31,31.65,34.62,34.65,35.02,34.36,34.87,34.52,33.7,34.98,34.59,35.12,34.35,34.42,34.08,34.04,34.88,34.04,34.41,34.42,34.53,34.92,34.95,34.54,34.12,34.63,32.77,33.84,33.41,34.55,33.53,34.59,34.66,34.77,35.69,35.11,34.82,32.86,34.41,34.18,34.78,33.38,33.21,34.72,34.33,33.55,35.74,35.12,34.82,34.31,33.65,34.42,34.12,35.33
2012,7,29,20,35.48,32.76,33.84,35.33,33.76,34.99,34.46,34.7,34.37,34.85,35.84,35.4,34.39,34.56,35.03,34.94,34.63,33.88,34.79,33.53,34.92,34.24,31.72,31.75,35.21,35.3,35.34,36.31,34.25,31.78,35.19,34.92,35.63,34.93,34.8,34.71,33.99,35.04,34.83,35.52,34.09,34.65,34.45,34.51,35.19,34.36,34.59,34.65,34.68,35.09,35.22,34.81,34.46,34.88,33.09,34.16,33.82,34.41,33.23,34.75,34.8,35.13,36.07,35.18,35.19,33.1,34.61,34.32,35.07,33.05,33.02,34.83,34.09,33.89,36.16,35.41,35.48,34.44,34.46,34.64,34.31,35.61
2012,7,29,21,35.91,32.72,34.21,35.33,33.52,35.06,34.4,34.74,33.99,34.85,36.23,35.12,34.25,34.84,35.3,35.29,34.56,34.42,35.26,33.59,34.99,34.41,31.85,31.52,35.51,35.35,35.44,36.57,33.9,31.61,35.15,35.17,36.07,35.23,34.88,34.52,34.49,34.25,35.06,35.57,33.68,34.78,34.75,34.54,35.41,34.76,34.32,34.31,34.69,35.23,35.1,35.08,34.46,35.0,33.41,34.57,34.16,33.99,33.1,35.07,34.93,35.04,36.3,35.22,35.14,33.3,34.74,34.64,34.97,32.89,32.93,35.05,33.79,34.19,36.54,35.47,35.48,34.38,34.78,34.72,34.47,35.86
2012,7,29,22,35.88,32.42,34.03,35.09,33.37,34.77,34.26,34.53,33.99,34.48,36.07,32.35,34.14,34.68,35.09,35.0,34.54,34.17,35.05,32.45,34.36,34.2,30.81,30.43,34.99,35.21,35.26,36.35,33.75,30.62,34.15,34.94,35.9,35.01,34.07,34.31,34.37,32.25,34.81,35.24,33.7,34.66,34.49,34.34,35.16,34.51,34.12,34.33,34.46,33.64,33.36,34.63,34.21,34.7,32.48,34.26,34.04,33.93,32.83,34.88,34.72,34.69,36.2,34.95,34.76,32.5,34.59,34.49,34.73,32.69,32.47,34.86,33.61,33.95,36.03,35.2,34.66,34.22,34.58,34.0,34.25,35.5
2012,7,29,23,34.27,31.64,30.81,31.85,32.94,34.27,33.14,33.68,32.99,33.24,34.91,30.5,33.21,34.25,32.44,31.92,34.29,32.49,32.4,31.33,32.21,32.75,29.18,28.67,33.94,33.61,34.56,35.65,32.99,29.7,30.98,32.23,34.24,32.83,32.59,33.38,31.73,30.99,32.34,30.23,32.9,34.17,31.91,33.52,32.17,31.36,33.7,33.48,33.44,30.11,30.43,33.81,33.38,33.76,30.2,32.08,31.63,33.24,31.81,34.33,32.78,31.47,35.45,32.49,31.69,30.27,34.18,33.66,34.19,32.07,31.63,34.58,32.91,31.83,35.28,34.63,32.65,33.42,31.43,31.91,32.74,33.83
2012,7,30,0,32.68,29.79,30.1,30.55,31.94,33.48,31.16,32.45,31.48,31.53,32.97,29.77,31.68,33.43,31.05,29.98,33.42,30.51,31.29,29.82,30.75,31.5,28.65,28.11,32.19,32.27,33.5,34.39,31.39,28.89,29.49,30.76,32.47,30.7,31.46,31.83,30.16,30.34,30.94,29.05,31.32,33.34,30.67,32.23,30.58,30.35,32.64,32.11,31.93,29.46,29.4,32.3,31.93,32.33,29.19,30.64,30.5,31.84,29.88,33.41,30.69,29.23,34.33,30.57,29.04,28.93,33.36,32.5,33.04,30.69,29.96,34.04,31.73,30.49,33.72,33.75,30.88,31.68,30.33,30.77,30.82,32.44
2012,7,30,1,30.8,28.81,29.02,29.35,30.71,32.09,29.57,30.68,29.84,29.84,31.38,29.19,29.7,32.04,30.24,29.43,30.95,29.62,29.98,28.72,29.8,30.67,28.38,27.83,30.57,30.6,32.16,32.77,30.08,28.12,29.09,29.74,30.99,29.98,30.02,30.36,29.29,29.4,30.08,28.45,29.93,32.33,29.88,30.61,29.34,29.4,30.78,30.52,30.42,28.66,28.86,30.58,29.65,30.87,28.46,29.8,29.5,30.28,28.85,31.74,29.53,28.59,32.67,29.76,28.83,28.04,32.29,31.22,30.57,29.39,28.96,32.16,30.16,29.4,31.94,32.22,29.95,29.93,29.18,29.17,29.9,30.93
2012,7,30,2,29.39,27.8,27.96,28.11,29.52,30.95,28.85,29.46,28.51,28.67,29.91,28.42,28.24,30.44,29.12,28.58,29.46,28.68,28.77,27.83,28.79,30.01,27.88,27.46,29.2,29.27,30.98,31.41,28.96,27.62,28.47,28.74,29.58,29.22,28.69,29.38,28.47,28.32,29.03,27.51,29.09,31.17,28.81,29.26,28.15,28.56,29.71,29.3,29.13,27.6,28.03,29.34,28.27,29.82,27.75,28.79,28.38,29.64,28.16,30.14,28.51,27.87,31.27,28.71,28.14,27.38,31.66,30.24,29.42,28.61,27.74,30.53,29.36,28.39,30.38,31.41,29.11,28.71,28.23,28.07,29.25,29.53
2012,7,30,3,28.53,26.77,27.27,27.31,28.28,30.18,28.29,28.74,27.38,27.97,28.98,27.66,27.47,29.32,28.31,28.02,28.86,27.92,27.96,27.31,28.08,29.7,27.57,27.31,28.27,28.3,29.95,30.35,27.73,27.37,27.75,27.94,28.66,28.7,27.6,29.08,27.75,27.39,28.19,26.93,27.94,30.46,27.99,28.46,27.37,27.83,28.94,28.34,28.44,26.89,27.2,28.39,27.74,28.85,27.24,27.95,27.59,28.74,27.11,28.93,27.74,27.19,30.15,27.89,27.48,26.99,30.91,29.33,28.93,27.41,26.75,29.39,28.57,27.63,29.34,30.54,28.43,27.92,27.65,27.41,29.03,28.54
2012,7,30,4,27.96,26.06,26.7,26.7,27.07,29.3,27.52,27.93,26.82,27.29,28.29,27.16,27.08,28.67,27.7,27.26,27.84,27.21,27.31,26.78,27.37,28.83,27.28,27.12,27.66,27.51,28.91,29.5,26.93,27.08,27.14,27.29,27.95,27.67,26.93,28.33,27.11,26.86,27.51,26.52,27.09,29.82,27.32,27.74,26.83,27.23,27.74,27.42,27.45,26.45,26.75,27.63,27.12,28.31,26.8,27.23,26.93,27.73,26.37,28.21,27.21,26.78,29.21,27.33,26.98,26.61,30.3,29.31,28.18,26.44,26.05,28.78,27.41,27.0,28.59,29.38,27.68,27.36,27.2,26.85,28.92,27.78
2012,7,30,5,27.52,25.52,26.26,26.17,26.34,28.19,26.84,27.04,26.28,26.63,27.73,26.75,26.51,28.11,27.17,26.76,27.23,26.75,26.8,26.45,26.83,27.27,27.0,26.92,27.18,26.81,27.82,28.86,26.28,26.93,26.67,26.81,27.42,27.08,26.37,27.4,26.65,26.42,26.95,26.12,26.34,28.05,26.74,26.93,26.39,26.74,26.93,26.67,26.62,25.99,26.33,26.94,26.51,27.68,26.49,26.76,26.41,26.6,25.79,27.54,26.84,26.38,28.54,26.87,26.53,26.38,28.43,28.3,27.56,25.8,25.52,28.24,26.52,26.48,28.03,28.31,27.12,26.75,26.83,26.24,27.72,27.24
2012,7,30,6,27.15,25.16,25.87,25.73,25.78,27.84,26.1,26.28,25.73,25.98,27.28,26.41,25.95,27.66,26.71,26.35,26.75,26.38,26.38,26.23,26.44,26.45,26.73,26.71,26.78,26.31,27.48,28.37,25.75,26.82,26.29,26.38,26.98,26.62,25.92,26.69,26.25,26.11,26.48,25.81,25.71,26.82,26.25,26.21,26.04,26.3,26.32,25.98,25.95,25.61,26.01,26.23,25.93,27.26,26.16,26.39,25.96,25.73,25.35,26.88,26.53,26.09,28.05,26.49,26.16,26.17,27.33,26.78,27.03,25.29,25.16,27.74,25.81,26.02,27.6,28.09,26.66,26.16,26.49,25.68,26.46,26.84
2012,7,30,7,27.13,24.4,26.09,25.78,24.96,27.52,25.41,26.0,24.97,25.78,27.24,26.34,25.32,26.94,26.71,26.42,26.03,26.34,26.53,26.28,26.39,25.96,26.97,26.9,26.93,26.45,27.34,28.36,24.95,26.92,26.36,26.4,27.01,26.54,26.91,25.34,26.24,26.35,26.51,26.26,24.87,26.63,26.36,25.37,26.54,26.32,25.41,25.12,25.62,26.21,26.48,26.03,25.6,25.96,26.28,26.37,26.15,24.77,24.57,26.11,26.85,26.67,28.08,26.65,26.52,26.28,27.14,26.11,25.96,24.52,24.41,26.8,24.9,26.13,27.64,27.84,26.53,25.53,26.53,25.95,25.78,27.25
2012,7,30,8,26.8,24.12,25.73,25.33,24.71,27.38,24.89,25.66,24.51,25.32,26.92,26.03,24.74,26.42,26.35,26.11,25.87,26.08,26.18,26.09,26.14,25.61,26.72,26.7,26.59,26.13,27.33,28.09,24.6,26.79,26.03,26.07,26.68,26.23,26.18,24.92,25.97,26.04,26.17,25.94,24.45,26.39,26.01,24.93,26.3,26.05,25.18,24.68,25.27,25.63,26.13,25.56,25.07,25.57,26.01,26.12,25.82,24.35,24.27,25.69,26.46,26.31,27.98,26.26,26.17,26.04,27.0,25.74,25.67,24.23,24.16,26.45,24.52,25.83,27.31,27.86,26.25,24.93,26.18,25.48,25.3,27.06
2012,7,30,9,26.52,23.87,25.45,25.03,24.43,27.17,24.44,25.33,24.08,24.89,26.65,25.79,24.32,25.96,26.09,25.88,25.73,25.89,25.89,25.94,25.92,25.22,26.48,26.5,26.31,26.0,27.42,27.8,24.25,26.69,25.76,25.85,26.41,25.98,25.74,24.56,25.76,25.65,25.93,25.48,24.08,26.08,25.74,24.57,26.02,25.83,24.92,24.29,24.9,25.25,25.67,25.36,24.62,25.27,25.77,25.92,25.54,23.96,23.97,25.43,26.15,25.91,27.85,26.0,25.89,25.85,26.85,25.31,25.46,23.95,23.91,26.26,24.19,25.57,27.02,27.96,25.99,24.46,25.91,25.08,24.9,26.85
2012,7,30,10,26.29,23.68,25.23,24.93,24.28,26.8,24.19,25.08,23.9,24.52,26.45,25.65,24.02,25.77,25.86,25.65,25.7,25.63,25.69,25.71,25.71,24.84,26.26,26.26,26.07,26.0,27.35,27.52,24.06,26.46,25.59,25.62,26.21,25.76,25.19,24.41,25.53,25.43,25.7,25.33,23.93,25.74,25.53,24.32,25.84,25.6,24.79,24.11,24.56,25.01,25.47,24.91,24.24,25.14,25.54,25.67,25.33,23.87,23.76,25.35,25.87,25.66,27.6,25.73,25.66,25.61,26.55,25.05,25.39,23.8,23.64,26.25,24.05,25.36,26.79,27.76,25.81,24.1,25.66,24.69,24.63,26.63
2012,7,30,11,26.08,23.54,25.02,24.91,24.18,26.43,24.01,24.94,23.73,24.29,26.28,25.53,23.81,25.65,25.67,25.47,25.55,25.47,25.5,25.54,25.59,24.6,26.06,26.03,25.87,25.92,27.12,27.25,23.8,26.22,25.44,25.42,26.03,25.6,25.0,24.27,25.34,25.29,25.51,25.2,23.8,25.5,25.34,24.1,25.64,25.41,24.64,23.88,24.35,24.87,25.3,24.48,24.06,25.0,25.33,25.51,25.12,23.75,23.58,25.27,25.65,25.44,27.32,25.53,25.47,25.41,26.21,24.92,25.23,23.71,23.42,26.09,23.95,25.16,26.59,27.44,25.69,23.91,25.45,24.36,24.44,26.42
2012,7,30,12,26.09,23.74,25.08,25.15,24.32,26.37,24.22,25.17,23.97,24.4,26.34,25.84,24.0,25.95,25.8,25.68,25.75,25.68,25.58,25.76,25.87,24.78,26.08,26.08,26.01,26.04,27.06,27.21,23.91,26.31,25.7,25.59,26.09,25.86,25.3,24.47,25.52,25.65,25.62,25.45,23.93,25.79,25.45,24.2,25.81,25.52,24.82,24.03,24.57,25.21,25.58,24.67,24.12,25.21,25.42,25.77,25.19,23.97,23.71,25.63,25.83,25.64,27.27,25.72,25.7,25.58,26.29,25.22,25.43,23.82,23.65,26.36,24.07,25.22,26.63,27.3,25.98,24.12,25.48,24.57,24.61,26.48
2012,7,30,13,27.3,24.91,26.5,27.18,25.56,28.55,25.97,27.22,25.92,26.59,27.67,27.55,25.83,27.75,27.33,27.31,27.01,27.29,27.01,27.4,27.59,26.48,27.16,27.25,27.54,27.71,28.43,28.3,25.39,27.51,27.35,27.21,27.44,27.5,27.51,25.92,27.11,27.53,27.22,27.31,25.63,28.22,26.93,25.92,27.52,27.13,26.14,25.82,26.64,27.29,27.33,27.0,26.21,26.53,26.94,27.4,26.67,25.84,24.92,27.16,27.42,27.33,28.4,27.39,27.35,27.19,28.53,27.08,26.68,25.01,25.0,27.49,25.58,26.76,27.91,28.42,27.66,26.08,26.74,26.96,26.1,27.86
2012,7,30,14,29.06,27.25,28.41,28.93,27.52,30.1,27.71,29.04,27.67,28.57,29.36,29.29,27.46,29.68,29.18,29.22,28.97,29.09,28.9,29.15,29.52,28.47,28.42,28.56,29.33,29.36,29.91,29.95,27.88,28.87,29.22,29.12,29.24,29.38,29.17,27.66,28.91,29.2,29.11,29.11,27.73,29.69,28.8,27.75,29.33,28.96,27.99,27.85,28.73,29.06,29.19,28.75,27.88,28.39,28.53,29.25,28.53,27.76,27.3,29.21,29.3,29.21,30.05,29.4,29.32,28.8,29.91,29.02,28.5,27.1,27.48,29.48,27.63,28.54,29.59,30.01,29.5,28.03,28.56,28.72,27.95,29.58
2012,7,30,15,30.85,29.09,30.27,30.61,30.04,31.83,29.4,30.55,29.46,30.3,31.23,31.13,29.47,31.55,31.1,31.09,31.44,30.87,30.8,30.87,31.16,30.0,29.84,30.05,31.14,31.02,31.49,31.73,30.24,30.37,31.12,31.01,31.14,31.22,30.91,29.66,30.74,31.07,30.99,31.07,29.74,31.14,30.69,29.87,31.16,30.82,30.61,30.0,30.26,30.9,31.13,30.52,29.93,30.47,30.32,31.02,30.38,29.58,29.19,31.15,31.21,31.21,31.79,31.36,31.28,30.55,31.42,30.64,31.02,29.26,29.24,31.63,29.67,30.38,31.4,31.73,31.19,29.81,30.34,30.44,29.58,31.33
2012,7,30,16,32.55,30.42,31.93,31.98,32.23,33.59,31.59,31.94,31.65,32.02,32.96,32.15,31.62,33.45,32.76,32.39,33.69,31.98,32.47,31.77,32.0,31.68,31.19,31.31,32.78,32.41,32.98,33.55,31.51,31.28,32.31,32.56,32.86,32.31,32.65,31.85,32.07,32.36,32.64,32.53,31.53,32.55,32.32,31.75,32.61,32.39,32.9,31.74,31.75,32.55,32.64,32.54,31.96,32.55,31.88,31.99,32.02,31.76,30.4,33.07,32.71,32.63,33.53,32.95,32.65,31.78,32.96,32.34,33.24,31.12,30.02,33.73,31.7,32.02,33.18,33.44,32.0,31.77,32.0,32.1,31.57,32.94
2012,7,30,17,33.93,32.44,33.29,33.39,34.3,35.32,33.14,33.43,32.79,33.07,34.4,32.74,32.45,35.15,34.15,33.63,35.48,32.87,33.83,32.62,32.85,33.27,31.97,31.96,34.19,33.99,34.6,35.23,32.99,32.0,33.25,33.86,34.27,33.17,33.67,33.67,33.03,33.41,33.96,34.14,33.05,34.07,33.68,32.48,34.14,33.45,34.81,32.69,33.16,33.87,33.84,33.31,32.74,34.28,32.81,32.81,33.37,33.31,32.43,34.71,34.12,34.09,35.22,34.38,33.94,32.6,34.56,33.94,34.97,33.22,31.88,35.47,33.55,33.24,34.73,35.17,32.67,32.95,33.34,33.08,33.34,34.54
2012,7,30,18,35.03,34.37,34.29,34.76,36.02,36.89,34.82,34.84,34.27,34.42,35.56,33.84,33.76,36.78,35.2,34.73,37.07,33.56,34.93,33.2,33.57,34.84,32.34,32.27,35.3,35.33,35.92,36.57,34.5,32.38,34.55,34.72,35.43,34.34,34.77,35.41,33.71,34.33,34.76,35.4,34.57,35.41,34.59,33.73,35.34,34.04,36.39,34.0,34.62,35.04,34.94,34.5,33.98,35.98,33.22,33.49,34.1,34.94,34.17,36.3,35.23,35.31,36.58,35.43,35.22,33.03,35.96,35.45,36.58,35.04,33.63,37.17,35.24,33.76,35.94,36.63,33.67,34.41,34.4,34.29,35.08,35.85
2012,7,30,19,35.67,34.81,34.81,35.0,36.32,37.35,35.33,35.2,35.31,34.78,36.25,34.05,35.02,36.73,35.8,35.36,36.2,34.45,35.48,33.73,34.39,35.12,32.71,32.57,35.89,35.9,36.7,37.37,34.81,32.66,34.99,35.54,36.05,34.9,34.23,35.55,34.73,34.15,35.56,35.54,35.43,35.88,35.24,34.89,35.8,35.12,36.18,34.99,34.93,35.0,35.28,34.67,34.89,35.62,33.93,34.31,34.87,35.82,34.54,36.1,35.65,35.6,37.41,36.01,35.63,33.56,36.47,35.62,35.8,35.68,33.62,36.38,36.01,34.79,36.71,37.31,34.19,35.01,34.87,34.4,35.28,36.56
2012,7,30,20,35.97,35.76,35.13,35.41,36.56,38.07,35.61,35.65,35.92,35.24,36.64,34.54,35.64,37.43,36.28,36.02,36.83,35.02,35.82,33.84,34.61,35.36,33.1,32.86,36.41,36.44,37.36,37.94,35.84,32.78,35.59,36.13,36.39,35.6,34.58,35.72,35.33,34.56,36.07,35.81,36.28,36.52,35.66,35.29,36.21,35.65,36.52,35.85,35.36,35.3,35.64,34.93,35.25,35.99,34.46,34.8,35.26,36.21,35.52,36.66,36.1,35.94,38.01,36.55,36.22,34.0,37.18,36.05,36.34,36.06,34.84,37.1,36.28,35.22,37.21,37.96,34.68,35.51,35.22,34.67,35.32,37.12
2012,7,30,21,36.22,36.59,35.45,35.59,37.34,38.47,35.82,35.98,35.94,35.34,36.91,34.88,35.69,38.1,36.5,36.14,37.68,35.21,36.18,33.58,34.88,35.59,33.29,33.14,36.58,36.8,37.64,38.1,36.25,32.54,35.81,36.22,36.71,35.84,34.97,36.43,35.43,34.92,36.22,36.02,36.61,36.95,35.93,35.12,36.45,35.75,37.35,35.84,35.49,35.46,35.87,35.09,35.35,36.68,34.63,35.04,35.46,36.5,36.3,37.31,36.23,36.11,38.22,36.6,36.41,34.23,37.66,36.5,37.2,36.83,35.76,37.97,36.91,35.34,37.4,38.2,35.02,35.61,35.41,34.8,35.7,37.38
2012,7,30,22,35.22,36.83,33.55,35.31,37.44,38.44,35.5,35.74,35.73,35.13,36.72,34.72,35.49,38.23,36.18,35.79,37.86,34.84,34.73,30.72,34.0,35.42,32.76,32.26,36.4,36.54,37.54,37.94,36.37,30.04,35.49,35.33,36.09,35.53,34.95,36.23,35.01,34.91,35.17,35.4,36.61,36.93,35.05,34.97,36.18,34.52,37.43,35.83,35.29,35.12,35.42,34.99,35.23,36.66,34.08,34.74,33.59,36.37,36.5,37.47,35.83,35.22,38.13,36.33,35.97,33.22,37.67,36.53,37.33,36.93,36.08,38.26,36.86,34.0,37.17,38.14,34.84,35.34,34.54,34.65,35.47,37.16
2012,7,30,23,33.14,36.5,32.2,34.66,36.47,38.06,34.7,35.15,34.98,34.7,35.94,34.2,34.65,37.89,34.6,33.16,37.53,32.41,32.74,28.85,30.18,34.79,31.63,31.14,35.48,35.64,37.0,37.36,35.92,29.8,34.19,32.42,34.68,32.27,34.63,35.48,32.53,34.53,32.89,34.65,35.93,36.64,33.09,34.27,35.38,32.09,36.56,35.11,34.71,34.66,34.65,34.5,34.55,36.14,32.26,30.53,31.45,35.54,36.04,37.21,34.78,33.03,37.66,34.85,34.01,31.35,37.34,36.17,36.94,36.3,35.81,38.01,36.14,31.26,36.42,37.69,32.61,34.65,31.92,34.22,34.73,36.43
